-0.00024954
-0.00037431
-0.00024954
-0.00037431
-0.00024954
-0.00024954
-0.00012477
-0.00024954
-0.00024954
-0.00024954
-0.00012477
-0.00024954
-0.00024954
-0.00024954
-0.00024954
-0.00024954
-0.00024954
-0.00024954
-0.00024954
-0.00024954
-0.00024954
-0.00024954
-0.00037431
-0.00024954
-0.00024954
-0.00024954
-0.00037431
-0.00024954
-0.00024954
-0.00024954
-0.00024954
-0.00024954
-0.00024954
-0.00024954
-0.00024954
-0.00024954
-0.00024954
-0.00024954
-0.00024954
-0.00024954
-0.00024954
-0.00024954
-0.00024954
-0.00024954
-0.00037431
-0.00024954
-0.00024954
-0.00024954
-0.00037431
-0.00012477
-0.00024954
-0.00024954
-0.00037431
-0.00012477
-0.00024954
-0.00024954
-0.00037431
-0.00024954
-0.00024954
-0.00024954
-0.00024954
-0.00024954
0.03768054
0.12239937
0.18740454
0.16569456
0.17392938
0.15434049
0.14747814
0.13462683
0.13113327
0.12526908
0.12339753
0.12364707
0.12477
0.1322562
0.13687269
0.14872584
0.15271848
0.16781565
0.17018628
0.17517708
0.16270008
0.15546342
0.14036625
0.13537545
0.12813879
0.12501954
0.12289845
0.12339753
0.12926172
0.1335039
0.14498274
0.14922492
0.16270008
0.15384141
0.16794042
0.17006151
0.17442846
0.16107807
0.15309279
0.13861947
0.13387821
0.12689109
0.12414615
0.12264891
0.12327276
0.12938649
0.1335039
0.14523228
0.15034785
0.16519548
0.16868904
0.17530185
0.16419732
0.15745974
0.14211303
0.13662315
0.12901218
0.12589293
0.12289845
0.12289845
0.12776448
0.13138281
0.14273688
0.14810199
0.16145238
0.16631841
0.1759257
0.16794042
0.16257531
0.14523228
0.13924332
0.13001034
0.12676632
0.12314799
0.12239937
0.1260177
0.12876264
0.13899378
0.14373504
0.15696066
0.16207623
0.17480277
0.16981197
0.16744134
0.15022308
0.14361027
0.13300482
0.12951126
0.12464523
0.12239937
0.12402138
0.12589293
0.13412775
0.13886901
0.15147078
0.15683589
0.1709349
0.17068536
0.17318076
0.15908175
0.15072216
0.13712223
0.13300482
0.12639201
0.12364707
0.12289845
0.12339753
0.12951126
0.13337913
0.14498274
0.149724
0.16419732
0.16831473
0.17542662
0.16606887
0.15945606
0.14323596
0.13787085
0.1297608
0.12651678
0.12289845
0.1222746
0.12564339
0.1285131
0.13836993
0.14311119
0.15646158
0.16145238
0.17417892
0.16993674
0.16893858
0.15159555
0.1447332
0.13312959
0.13001034
0.12427092
0.1222746
0.12364707
0.12539385
0.13300482
0.13749654
0.15009831
0.15483957
0.17043582
0.17056059
0.17318076
0.15933129
0.15072216
0.13737177
0.13362867
0.12701586
0.12389661
0.12252414
0.12339753
0.12938649
0.1335039
0.14498274
0.14997354
0.16394778
0.16831473
0.17567616
0.16606887
0.16007991
0.1434855
0.13799562
0.12938649
0.12626724
0.12289845
0.12214983
0.12614247
0.12913695
0.13886901
0.14373504
0.15683589
0.16182669
0.17442846
0.1696872
0.1671918
0.15022308
0.14361027
0.13300482
0.1297608
0.12439569
0.1222746
0.12327276
0.12489477
0.13200666
0.13687269
0.14860107
0.15371664
0.16818996
0.16981197
0.17417892
0.16157715
0.15384141
0.13899378
0.13450206
0.12739017
0.12439569
0.12214983
0.12264891
0.12801402
0.13175712
0.14261211
0.1472286
0.16132761
0.1659441
0.17517708
0.16706703
0.16157715
0.14485797
0.13861947
0.12988557
0.12664155
0.12289845
0.12177552
0.12514431
0.12813879
0.13774608
0.14298642
0.15558819
0.16070376
0.17380461
0.16956243
0.16781565
0.15134601
0.14385981
0.13312959
0.12963603
0.12439569
0.12190029
0.12302322
0.12489477
0.13312959
0.13774608
0.14959923
0.15446526
0.16881381
0.1696872
0.17255691
0.15870744
0.15034785
0.13687269
0.13263051
0.1260177
0.12314799
0.12202506
0.12264891
0.12863787
0.13163235
0.14298642
0.14785245
0.16195146
0.16656795
0.17505231
0.16631841
0.16107807
0.1447332
0.13836993
0.1297608
0.12651678
0.12264891
0.12165075
0.12452046
0.1272654
0.13687269
0.14186349
0.15409095
0.15895698
0.17268168
0.16981197
0.16918812
0.15309279
0.14523228
0.13325436
0.12988557
0.12439569
0.12177552
0.12277368
0.12414615
0.13175712
0.13649838
0.14860107
0.15359187
0.16818996
0.16931289
0.17268168
0.15945606
0.1509717
0.13749654
0.13300482
0.12626724
0.12339753
0.12190029
0.12264891
0.12863787
0.13300482
0.14448366
0.14947446
0.16357347
0.16744134
0.17430369
0.16457163
0.15820836
0.14211303
0.13649838
0.12813879
0.12514431
0.12202506
0.12152598
0.12501954
0.12813879
0.13799562
0.14298642
0.15608727
0.1609533
0.17367984
0.16856427
0.16606887
0.14897538
0.14211303
0.13175712
0.1285131
0.12327276
0.12127644
0.12314799
0.12414615
0.13163235
0.13637361
0.1484763
0.15334233
0.16756611
0.16893858
0.17280645
0.16195146
0.15434049
0.13961763
0.13512591
0.12776448
0.12452046
0.12152598
0.12152598
0.12576816
0.12926172
0.13961763
0.14448366
0.15808359
0.16332393
0.17405415
0.16731657
0.16332393
0.14610567
0.14024148
0.13063419
0.12776448
0.12289845
0.12115167
0.12302322
0.12526908
0.13400298
0.13836993
0.15122124
0.15608727
0.17043582
0.16931289
0.17081013
0.15646158
0.14785245
0.1347516
0.13063419
0.12452046
0.12190029
0.12190029
0.12314799
0.12951126
0.13387821
0.14548182
0.15084693
0.16394778
0.16756611
0.1734303
0.16245054
0.15483957
0.13936809
0.13437729
0.12714063
0.12414615
0.12140121
0.12140121
0.12639201
0.12963603
0.14024148
0.14523228
0.15883221
0.16394778
0.17392938
0.16681749
0.16257531
0.14585613
0.13924332
0.12988557
0.12651678
0.1222746
0.12090213
0.12289845
0.12551862
0.13387821
0.13874424
0.1509717
0.15608727
0.17031105
0.16881381
0.16956243
0.15421572
0.14623044
0.13375344
0.13013511
0.12414615
0.12152598
0.12264891
0.12090213
0.1222746
0.12439569
0.13300482
0.13737177
0.14997354
0.15483957
0.16956243
0.16868904
0.17043582
0.15745974
0.14885061
0.13562499
0.13138281
0.12501954
0.12214983
0.12127644
0.1222746
0.12826356
0.13275528
0.14361027
0.14860107
0.16257531
0.16644318
0.17330553
0.16282485
0.15546342
0.14173872
0.13637361
0.12838833
0.12514431
0.12140121
0.12090213
0.12452046
0.12763971
0.13787085
0.14286165
0.15621204
0.16145238
0.17293122
0.16756611
0.16457163
0.14797722
0.14061579
0.13063419
0.12714063
0.12239937
0.12040305
0.12264891
0.12439569
0.1322562
0.13674792
0.14885061
0.15384141
0.16831473
0.16856427
0.17031105
0.1559625
0.14785245
0.13487637
0.13063419
0.12464523
0.12177552
0.1210269
0.12214983
0.12876264
0.1322562
0.14398458
0.14860107
0.16270008
0.16644318
0.17305599
0.16319916
0.15608727
0.14086533
0.13512591
0.1272654
0.12402138
0.12090213
0.12090213
0.12477
0.1285131
0.1384947
0.14323596
0.15633681
0.16170192
0.17268168
0.16681749
0.16319916
0.14610567
0.13924332
0.12938649
0.12626724
0.12202506
0.12040305
0.12239937
0.12514431
0.13400298
0.13886901
0.15172032
0.15658635
0.17081013
0.16818996
0.16806519
0.15296802
0.14498274
0.13312959
0.12938649
0.1235223
0.12077736
0.12140121
0.10143801
-0.00024954
-0.00024954
-0.00024954
-0.00037431
-0.00024954
-0.00024954
-0.00024954
-0.00037431
-0.00037431
-0.00024954
-0.00024954
-0.00024954
-0.00024954
-0.00024954
-0.00024954
-0.00024954
-0.00037431
-0.00024954
-0.00024954
-0.00012477
-0.00024954
-0.00024954
-0.00024954
-0.00024954
-0.00024954
-0.00024954
-0.00037431
-0.00024954
-0.00024954
-0.00024954
-0.00024954
-0.00037431
-0.00024954
-0.00024954
-0.00024954
-0.00024954
-0.00024954
-0.00024954
-0.00024954
-0.00024954
-0.00024954
-0.00024954
-0.00024954
-0.00024954
-0.00024954
-0.00024954
-0.00024954
-0.00024954
-0.00024954
-0.00024954
-0.00024954
-0.00024954
-0.00024954
-0.00024954
-0.00037431
-0.00024954
-0.00037431
-0.00024954
-0.00024954
-0.00024954
-0.00037431
-0.00024954
-0.00024954
-0.00024954
-0.00024954
-0.00024954
-0.00024954
-0.00024954
-0.00024954
-0.00037431
-0.00024954
-0.00024954
-0.00012477
-0.00024954
-0.00024954
-0.00024954
-0.00024954
-0.00037431
-0.00024954
-0.00024954
-0.00024954
-0.00024954
-0.00024954
-0.00024954
-0.00024954
-0.00024954
-0.00037431
-0.00024954
-0.00037431
-0.00024954
-0.00037431
-0.00024954
-0.00024954
-0.00024954
-0.00024954
-0.00024954
-0.00024954
-0.00024954
-0.00024954
-0.00037431
-0.00024954
-0.00024954
-0.00024954
-0.00024954
-0.00024954
-0.00024954
-0.00024954
-0.00024954
-0.00024954
-0.00037431
-0.00037431
-0.00024954
-0.00024954
-0.00024954
-0.00024954
-0.00024954
-0.00024954
-0.00012477
-0.00024954
-0.00024954
-0.00024954
-0.00024954
-0.00024954
-0.00012477
-0.00024954
-0.00024954
-0.00037431
-0.00024954
-0.00037431
-0.00037431
-0.00024954
-0.00037431
-0.00024954
-0.00037431