2.41866645
2.4180426
2.41866645
2.41791783
2.41866645
2.4180426
2.41866645
2.4180426
2.41854168
2.41816737
2.41854168
2.41841691
2.41829214
2.41841691
2.41816737
2.41854168
2.41816737
2.41854168
2.41791783
2.41841691
2.41779306
2.41854168
2.41791783
2.41854168
2.4180426
2.41816737
2.41779306
2.4180426
2.41816737
2.41829214
2.41854168
2.4180426
2.41854168
2.4180426
2.41866645
2.41791783
2.41866645
2.4180426
2.41854168
2.41816737
2.41854168
2.41816737
2.41854168
2.41841691
2.41841691
2.41866645
2.41829214
2.41866645
2.41816737
2.41866645
2.4180426
2.41866645
2.41791783
2.41866645
2.41791783
2.41841691
2.41791783
2.41829214
2.41791783
2.41816737
2.41816737
2.4180426
2.41816737
2.41779306
2.41829214
2.41766829
2.41829214
2.41754352
2.41829214
2.41741875
2.41816737
2.41754352
2.41816737
2.41754352
2.4180426
2.41791783
2.41816737
2.41829214
2.41829214
2.41854168
2.4180426
2.41829214
2.41779306
2.41854168
2.41779306
2.41866645
2.4180426
2.41879122
2.41816737
2.41866645
2.4180426
2.41854168
2.4180426
2.41829214
2.41866645
2.41854168
2.41866645
2.41829214
2.41879122
2.41829214
2.41891599
2.4180426
2.41879122
2.4180426
2.41891599
2.41816737
2.41866645
2.41829214
2.41854168
2.41841691
2.41841691
2.41854168
2.41816737
2.41854168
2.41816737
2.41866645
2.41791783
2.41854168
2.41791783
2.41854168
2.41791783
2.41854168
2.41791783
2.41841691
2.4180426
2.41816737
2.41816737
2.41816737
2.41816737
2.41791783
2.41854168
2.4180426
2.41866645
2.41791783
2.41854168
2.41791783
2.41854168
2.4180426
2.41866645
2.41816737
2.41854168
2.41841691
2.41841691
2.41841691
2.41829214
2.41854168
2.4180426
2.41879122
2.4180426
2.41854168
2.41791783
2.41841691
2.41791783
2.41816737
2.41741875
2.41779306
2.41741875
2.41766829
2.41779306
2.41791783
2.41816737
2.41754352
2.4180426
2.41766829
2.41829214
2.41741875
2.41816737
2.41754352
2.41841691
2.41779306
2.41854168
2.41791783
2.41829214
2.41791783
2.41816737
2.4180426
2.41779306
2.41791783
2.41741875
2.4180426
2.41741875
2.4180426
2.41729398
2.41816737
2.41754352
2.41841691
2.41779306
2.41841691
2.4180426
2.41841691
2.41829214
2.41841691
2.41841691
2.41816737
2.41841691
2.4180426
2.41854168
2.41791783
2.41866645
2.41779306
2.41866645
2.41791783
2.41866645
2.41791783
2.41866645
2.41816737
2.41854168
2.41829214
2.41829214
2.41841691
2.41816737
2.41854168
2.41816737
2.41866645
2.41816737
2.41879122
2.41816737
2.41891599
2.41816737
2.41879122
2.41816737
2.41866645
2.41829214
2.41816737
2.41529766
2.35428513
2.50800177
2.33357331
2.51511366
2.32845774
2.50949901
2.33794026
2.4916569
2.35865208
2.46433227
2.38947027
2.43002052
2.4242811
2.39520969
2.45809377
2.36389242
2.48566794
2.33968704
2.50488252
2.32658619
2.51137056
2.32733481
2.50363482
2.34105951
2.48466978
2.36576397
2.45622222
2.39708124
2.42153616
2.43289023
2.41330134
2.43887919
2.38048683
2.47119462
2.35129065
2.49639816
2.33182653
2.50962378
2.32508895
2.50949901
2.33257515
2.49552477
2.35178973
2.47106985
2.38136022
2.43775626
2.41642059
2.40406836
2.44911033
2.37125385
2.47942944
2.34430353
2.50151373
2.3282082
2.51124579
2.32583757
2.50600545
2.33581917
2.49028443
2.35777869
2.46333411
2.38834734
2.42939667
2.42166093
2.39608308
2.45622222
2.36376765
2.48529363
2.33931273
2.50450821
2.32646142
2.51124579
2.32683573
2.50388436
2.34143382
2.482923
2.36776029
2.45310297
2.40045003
2.41904076
2.43501132
2.38547763
2.46707721
2.35553283
2.49352845
2.33382285
2.50924947
2.32533849
2.51049717
2.33145222
2.49764586
2.35029249
2.47319094
2.37923913
2.44062597
2.41467381
2.4043179
2.45010849
2.37087954
2.4804276
2.34455307
2.5016385
2.32845774
2.51149533
2.32608711
2.50700361
2.33706687
2.49215598
2.35465944
2.47181847
2.37724281
2.44935987
2.40045003
2.42328294
2.42727558
2.39733078
2.45247912
2.37225201
2.47606065
2.35079157
2.49490092
2.33494578
2.50675407
2.32658619
2.5116201
2.32596234
2.50875039
2.33245038
2.49901833
2.345676
2.4816753
2.36613828
2.45996532
2.38884642
2.43476178
2.41579674
2.408061
2.44199844
2.38198407
2.46707721
2.35890162
2.48753949
2.34093474
2.50226235
2.3294559
2.5103724
2.32521372
2.51074671
2.32933113
2.50313574
2.34056043
2.48803857
2.35927593
2.46732675
2.3806116
2.4429966
2.40631422
2.41617105
2.43313977
2.38959504
2.45859285
2.3656392
2.48117622
2.34517692
2.49764586
2.33207607
2.507877
2.32558803
2.51124579
2.32583757
2.50725315
2.333199
2.49652293
2.34779709
2.47992852
2.36676213
2.457969
2.39109228
2.43276546
2.41754352
2.40581514
2.44436907
2.37973821
2.46844968
2.35777869
2.48778903
2.3406852
2.50276143
2.32933113
2.51049717
2.32546326
2.51062194
2.3294559
2.50064034
2.34642462
2.47843128
2.37262632
2.44811217
2.40606468
2.41330134
2.44100028
2.3793639
2.47281663
2.35041726
2.49752109
2.33132745
2.50999809
2.32533849
2.5091247
2.333199
2.49452661
2.35416036
2.46869922
2.38410516
2.43538563
2.41978938
2.39945187
2.45285343
2.36875845
2.48155053
2.3431806
2.50301097
2.32795866
2.51149533
2.32683573
2.5053816
2.33981181
2.48654133
2.3631438
2.45871762
2.39483538
2.42390679
2.43089391
2.38859688
2.46408273
2.35827777
2.49078351
2.33606871
2.50725315
2.32583757
2.51099625
2.32883205
2.50113942
2.34542646
2.47880559
2.37250155
2.44873602
2.4055656
2.41317657
2.43788103
2.38235838
2.46944784
2.35303743
2.49477615
2.33269992
2.50937424
2.32533849
2.50987332
2.33182653
2.49714678
2.35004295
2.47331571
2.37824097
2.44137459
2.41280226
2.4055656
2.44786263
2.37200247
2.47868082
2.34492738
2.50014126
2.32858251
2.5103724
2.32546326
2.50637976
2.33606871
2.48953581
2.35965024
2.46183687
2.39121705
2.42752512
2.42652696
2.39246475
2.46033963
2.36114748
2.48828811
2.33794026
2.50650453
2.32621188
2.51099625
2.32883205
2.50151373
2.34405399
2.48030283
2.37063
2.44998372
2.4043179
2.41404996
2.44037643
2.37973821
2.47244232
2.35091634
2.49627339
2.33207607
2.50949901
2.32558803
2.50924947
2.33307423
2.49490092
2.35391082
2.4691983
2.38360608
2.43613425
2.41741875
2.4005748
2.45260389
2.3681346
2.4816753
2.34280629
2.50276143
2.32783389
2.51099625
2.32671096
2.50513206
2.33881365
2.48716518
2.36227041
2.4592167
2.39396199
2.42478018
2.42977098
2.38959504
2.46308457
2.3594007
2.4891615
2.33706687
2.5066293
2.32621188
2.51062194
2.3294559
2.5003908
2.34654939
2.47730835
2.37424833
2.44611585
2.40718761
2.41192887
2.44199844
2.3781162
2.47369002
2.35041726
2.49739632
2.33095314
2.51049717
2.32646142
2.50712838
2.33806503
2.4891615
2.36464104
2.45821854
2.40082434
2.41991415
2.43950304
2.38260792
2.47468818
2.35178973
2.5003908
2.33257515
2.51274303
2.32883205
2.50812654
2.34168336
2.48728995
2.36888322
2.45497452
2.40506652
2.41667013
2.44062597
2.38073637
2.47468818
2.35016772
2.50064034
2.33145222
2.51186964
2.32808343
2.50737792
2.34168336
2.48616702
2.36776029
2.45584791
2.40244635
2.41816737
2.44149936
2.38098591
2.47643496
2.35016772
2.50201281
2.33145222
2.51249349
2.32795866
2.50775223
2.33993658
2.48828811
2.36663736
2.45697084
2.40232158
2.41854168
2.44187367
2.38173453
2.47531203
2.35166496
2.50051557
2.33245038
2.5128678
2.32883205
2.507877
2.33132745
2.5028862
2.3494191
2.47755789
2.3793639
2.44386999
2.41567197
2.40569037
2.45385159
2.37000615
2.48616702
2.34255675
2.50750269
2.32908159
2.51299257
2.33232561
2.5016385
2.35004295
2.47855605
2.37349971
2.44823694
2.40693807
2.41242795
2.44224798
2.37886482
2.47306617
2.35141542
2.49614862
2.33220084
2.50949901
2.32608711
2.50899993
2.33282469
2.49527523
2.35278789
2.47019646
2.38086114
2.43875442
2.41517289
2.40381882
2.44948464
2.37237678
2.47830651
2.34592554
2.5003908
2.33007975
2.50999809
2.32608711
2.50750269
2.33494578
2.49190644
2.35665576
2.4654552
2.38660056
2.43251592
2.42166093
2.39745555
2.45522406
2.36638782
2.48317254
2.34180813
2.50301097
2.32770912
2.51049717
2.32745958
2.50388436
2.3406852
2.48404593
2.36451627
2.45622222
2.39533446
2.42228478
2.4305196
2.3868501
2.4642075
2.35640622
2.49003489
2.33494578
2.50650453
2.3257128
2.50949901
2.32983021
2.49939264
2.34617508
2.4766845
2.37374925
2.44586631
2.40731238
2.41118025
2.44212321
2.37861528
2.47244232
2.3506668
2.49614862
2.33182653
2.5091247
2.32596234
2.50812654
2.33407239
2.49365322
2.35378605
2.46894876
2.38260792
2.43775626
2.4155472
2.40269589
2.45023326
2.37025569
2.48005329
2.34430353
2.50014126
2.32958067
2.50974855
2.32633665
2.50675407
2.33631825
2.49065874
2.35840254
2.46370842
2.38884642
2.43039483
2.42353248
2.39670693
2.45497452
2.36601351
2.48354685
2.34118428
2.50338528
2.32758435
2.51012286
2.3282082
2.50263666
2.34205767
2.48304777
2.36576397
2.45522406
2.39770509
2.42103708
2.43264069
2.38697487
2.46495612
2.35727961
2.49103305
2.33594394
2.50675407
2.32658619
2.50949901
2.33057883
2.49839448
2.34879525
2.4741891
2.37574557
2.4442443
2.40943347
2.40980778
2.44411953
2.37549603
2.47493772
2.34867048
2.49802017
2.33082837
2.50949901
2.32633665
2.50737792
2.33494578
2.49240552
2.35540806
2.46657813
2.38472901
2.43401316
2.41941507
2.39870325
2.45335251
2.3668869
2.48180007
2.3431806
2.50101465
2.32845774
2.50987332
2.32683573
2.50475775
2.33893842
2.48654133
2.36289426
2.45871762
2.39446107
2.42540403
2.42839851
2.39109228
2.46133779
2.36164656
2.48766426
2.33843934
2.50488252
2.32733481
2.51024763
2.32870728
2.50251189
2.34230721
2.48267346
2.36751075
2.45347728
2.39982618
2.41879122
2.43463701
2.38447947
2.46707721
2.35590714
2.4916569
2.33494578
2.50687884
2.32621188
2.50176327
2.40980778
2.41255272
2.41330134
2.41517289
2.41529766
2.41667013
2.41642059
2.41729398
2.41716921
2.41766829
2.41766829
2.41779306
2.41816737
2.41766829
2.41829214
2.41766829
2.41829214
2.41754352
2.41816737
2.41754352
2.41829214
2.41766829
2.41816737
2.41754352
2.4180426
2.41779306
2.41791783
2.41791783
2.41779306
2.4180426
2.41779306
2.41816737
2.41779306
2.41829214
2.41766829
2.41841691
2.41779306
2.41841691
2.41779306
2.41829214
2.41779306
2.41816737
2.4180426
2.41816737
2.41816737
2.4180426
2.41816737
2.41779306
2.41829214
2.41766829
2.41816737
2.41779306
2.41829214
2.41766829
2.41816737
2.41754352
2.41816737
2.41779306
2.41791783
2.41779306
2.41779306
2.41779306
2.41754352
2.41779306
2.41729398
2.41791783
2.41741875
2.41791783
2.41716921
2.41766829
2.41691967
2.41754352
2.41691967
2.41754352
2.41729398
2.41754352
2.41766829
2.41754352
2.41779306
2.41716921
2.41766829
2.41716921
2.41754352
2.41691967
2.41766829
2.41691967
2.41766829
2.41716921
2.41779306
2.41729398
2.41766829
2.41754352
2.41779306
2.41779306
2.41754352
2.41791783
2.41766829
2.41829214
2.41754352
2.41829214
2.41766829
2.41841691
2.41766829
2.41841691
2.41766829
2.41829214
2.41779306
2.41816737
2.41791783
2.41816737
2.41779306
2.41766829
2.4180426
2.41766829
2.41829214
2.41766829
2.41829214
2.41754352
2.41841691
2.41766829
2.41829214
2.41754352
2.41816737
2.41766829
2.41791783
2.41779306
2.41791783
2.4180426
2.41791783
2.41829214
2.41779306
2.41841691
2.41779306
2.41841691
2.41779306
2.41854168
2.41779306
2.41841691
2.41779306
2.41829214
2.41791783
2.41829214
2.4180426
2.41816737
2.4180426
2.4180426
2.41829214
2.4180426
2.41829214
2.41791783
2.41854168
2.4180426
2.41854168
2.41779306
2.41854168
2.41779306
2.41854168
2.41791783
2.41854168
2.41791783
2.41866645
2.41791783
2.41854168
2.41816737
2.41829214
2.41816737
2.41829214
2.41829214
2.41841691
2.41829214
2.41816737
2.41829214
2.41791783
2.4180426
2.41779306
2.41779306
2.41741875
2.41791783
2.41754352
2.4180426
2.41729398
2.4180426
2.41754352
2.41829214
2.41766829
2.41829214
2.41766829
2.41829214
2.41791783
2.41841691
2.4180426
2.41841691
