-0.00024954
-0.00024954
-0.00024954
-0.00024954
-0.00024954
-0.00024954
-0.00024954
-0.00024954
-0.00024954
-0.00024954
-0.00024954
-0.00024954
-0.00024954
-0.00024954
-0.00012477
-0.00024954
-0.00024954
-0.00024954
-0.00012477
-0.00024954
-0.00024954
-0.00037431
-0.00024954
-0.00024954
-0.00024954
-0.00024954
-0.00024954
-0.00024954
-0.00024954
-0.00024954
-0.00024954
-0.00024954
-0.00024954
-0.00024954
-0.00024954
-0.00012477
-0.00024954
-0.00024954
-0.00024954
-0.00024954
-0.00024954
-0.00024954
-0.00024954
-0.00024954
-0.00024954
-0.00024954
-0.00012477
-0.00024954
-0.00024954
-0.00024954
-0.00024954
-0.00024954
-0.00024954
-0.00024954
-0.00024954
-0.00024954
-0.00024954
-0.00024954
-0.00024954
-0.00024954
-0.00024954
-0.00024954
-0.00024954
-0.00024954
-0.00024954
-0.00012477
-0.00024954
-0.00024954
-0.00024954
-0.00024954
-0.00024954
-0.00024954
-0.00024954
-0.00024954
-0.00024954
-0.00024954
-0.00024954
-0.00024954
-0.00024954
-0.00024954
-0.00012477
-0.00024954
-0.00024954
-0.00024954
-0.00012477
-0.00024954
-0.00024954
-0.00024954
-0.00024954
-0.00024954
-0.00024954
-0.00024954
-0.00024954
-0.00024954
-0.00024954
-0.00024954
-0.00024954
-0.00024954
-0.00024954
-0.00024954
-0.00024954
-0.00024954
-0.00024954
-0.00024954
-0.00024954
-0.00024954
-0.00024954
-0.00024954
-0.00024954
-0.00024954
-0.00024954
-0.00024954
-0.00024954
-0.00037431
-0.00024954
-0.00024954
-0.00012477
-0.00024954
-0.00024954
-0.00024954
-0.00024954
-0.00024954
-0.00024954
-0.00024954
-0.00024954
-0.00024954
-0.00024954
-0.00024954
-0.00024954
-0.00024954
-0.00037431
-0.00024954
-0.00024954
0.00673758
0.12576816
0.13213143
0.13562499
0.14186349
0.15209463
0.15808359
0.17155875
0.17630001
0.18278805
0.17318076
0.16606887
0.15009831
0.1434855
0.13562499
0.13200666
0.1285131
0.12801402
0.13075896
0.13450206
0.14311119
0.14885061
0.16107807
0.16656795
0.18004311
0.17829633
0.17829633
0.16319916
0.15434049
0.14198826
0.13799562
0.13175712
0.12926172
0.12826356
0.12963603
0.1359993
0.14074056
0.15172032
0.15758451
0.17130921
0.17555139
0.18278805
0.17442846
0.16906335
0.1522194
0.14573136
0.13637361
0.13300482
0.12863787
0.12801402
0.13050942
0.13400298
0.14273688
0.14772768
0.16045422
0.16606887
0.17991834
0.17779725
0.17792202
0.16157715
0.15309279
0.14049102
0.13662315
0.13138281
0.12876264
0.12876264
0.12988557
0.1359993
0.1409901
0.1522194
0.15758451
0.17155875
0.17580093
0.18278805
0.17367984
0.16656795
0.15059739
0.14423412
0.13537545
0.13250574
0.12888741
0.12788925
0.13113327
0.13487637
0.14361027
0.14897538
0.16157715
0.16706703
0.18029265
0.17804679
0.17704863
0.16107807
0.1522194
0.1409901
0.13624884
0.13075896
0.12826356
0.12863787
0.13038465
0.13749654
0.14273688
0.15396618
0.15945606
0.17330553
0.17679909
0.18203943
0.17168352
0.16382301
0.14835153
0.14236257
0.13450206
0.13088373
0.12813879
0.12826356
0.13250574
0.13649838
0.14623044
0.15122124
0.16419732
0.17006151
0.18154035
0.17667432
0.17293122
0.15533865
0.14747814
0.13762131
0.13387821
0.12913695
0.12788925
0.13001034
0.13375344
0.1422378
0.14735337
0.15933129
0.16494594
0.17879541
0.17767248
0.17867064
0.16457163
0.15558819
0.14273688
0.13799562
0.13138281
0.12888741
0.12763971
0.12876264
0.13500114
0.1397424
0.14997354
0.15521388
0.16893858
0.17417892
0.18191466
0.17330553
0.16706703
0.15059739
0.14398458
0.13500114
0.13163235
0.12813879
0.12739017
0.13050942
0.13387821
0.14336073
0.14872584
0.16120284
0.16694226
0.18004311
0.17729817
0.17617524
0.1609533
0.1522194
0.14049102
0.13624884
0.13025988
0.12813879
0.12788925
0.12988557
0.13699746
0.14173872
0.15271848
0.15833313
0.17230737
0.1759257
0.18141558
0.17155875
0.16369824
0.14797722
0.14336073
0.1347516
0.13113327
0.12801402
0.12763971
0.13075896
0.13462683
0.14398458
0.14922492
0.16195146
0.16756611
0.18054219
0.1771734
0.17480277
0.15908175
0.15109647
0.13999194
0.13574976
0.13001034
0.12763971
0.1285131
0.13125804
0.13949286
0.14535705
0.1572102
0.16332393
0.1784211
0.17754771
0.17667432
0.15958083
0.15022308
0.1397424
0.13562499
0.1297608
0.12751494
0.12826356
0.13013511
0.13762131
0.14261211
0.15409095
0.16020468
0.174678
0.17679909
0.18004311
0.16744134
0.15795882
0.14435889
0.13911855
0.13188189
0.12888741
0.12739017
0.12813879
0.13387821
0.1384947
0.14934969
0.15483957
0.16893858
0.1734303
0.18178989
0.17330553
0.16681749
0.15022308
0.14361027
0.13462683
0.13088373
0.12739017
0.12714063
0.1310085
0.13462683
0.14410935
0.14959923
0.16270008
0.1684395
0.18066696
0.17630001
0.17355507
0.15633681
0.14835153
0.13749654
0.13400298
0.12888741
0.12701586
0.12863787
0.13138281
0.13986717
0.14523228
0.15758451
0.16319916
0.17767248
0.17692386
0.17804679
0.16382301
0.15770928
0.14785245
0.14361027
0.13587453
0.13275528
0.12876264
0.1272654
0.12763971
0.12888741
0.13450206
0.13762131
0.14697906
0.15084693
0.16232577
0.16644318
0.17704863
0.17654955
0.17929449
0.16806519
0.16132761
0.14660475
0.14036625
0.13288005
0.12963603
0.12689109
0.12751494
0.13250574
0.13500114
0.14485797
0.14797722
0.15858267
0.16294962
0.17605047
0.17630001
0.18029265
0.17006151
0.16432209
0.14959923
0.14560659
0.13712223
0.13400298
0.12938649
0.12701586
0.1272654
0.12826356
0.13375344
0.137247
0.14647998
0.15047262
0.162201
0.16544502
0.17754771
0.17630001
0.17854587
0.16706703
0.16007991
0.14647998
0.14136441
0.13450206
0.13188189
0.12838833
0.12626724
0.1272654
0.12863787
0.13412775
0.13787085
0.1472286
0.15134601
0.16332393
0.16744134
0.17929449
0.17630001
0.1771734
0.17580093
0.17580093
0.162201
0.15546342
0.14385981
0.13949286
0.13263051
0.12988557
0.12689109
0.12614247
0.12838833
0.13075896
0.13787085
0.14248734
0.15296802
0.15708543
0.16756611
0.17105967
0.18029265
0.17505231
0.17380461
0.15945606
0.15259371
0.14123964
0.13812039
0.13175712
0.12901218
0.12664155
0.12651678
0.12951126
0.13188189
0.13961763
0.14336073
0.15371664
0.15783405
0.17043582
0.1734303
0.18054219
0.17318076
0.16918812
0.1547148
0.14959923
0.13924332
0.13574976
0.13013511
0.12801402
0.12626724
0.12689109
0.13088373
0.13400298
0.14261211
0.14610567
0.15683589
0.16070376
0.17392938
0.17517708
0.17979357
0.17018628
0.16544502
0.15072216
0.14498274
0.137247
0.13462683
0.12951126
0.12739017
0.12626724
0.12714063
0.13175712
0.13512591
0.14398458
0.14810199
0.15958083
0.16369824
0.17654955
0.17555139
0.17854587
0.16756611
0.16070376
0.14735337
0.1422378
0.13437729
0.13150758
0.12751494
0.12589293
0.12739017
0.12302322
-0.00012477
-0.00024954
-0.00024954
-0.00024954
-0.00024954
-0.00024954
-0.00024954
-0.00024954
-0.00024954
-0.00024954
-0.00024954
-0.00024954
-0.00012477
-0.00024954
-0.00024954
-0.00024954
-0.00024954
-0.00024954
-0.00024954
-0.00024954
-0.00024954
-0.00024954
-0.00037431
-0.00012477
-0.00024954
-0.00012477
-0.00024954
-0.00024954
-0.00024954
-0.00024954
-0.00024954
-0.00024954
-0.00024954
-0.00024954
-0.00037431
-0.00024954
-0.00024954
-0.00024954
-0.00024954
-0.00024954
-0.00024954
-0.00024954
-0.00024954
-0.00024954
-0.00024954
-0.00024954
-0.00024954
-0.00024954
-0.00012477
-0.00024954
-0.00024954
-0.00024954
-0.00024954
-0.00024954
-0.00024954
-0.00037431
-0.00024954
-0.00024954
-0.00024954
-0.00012477
-0.00024954
-0.00024954
-0.00024954
-0.00012477
-0.00024954
-0.00024954
-0.00037431
-0.00024954
-0.00024954
-0.00024954
-0.00024954
-0.00024954
-0.00024954
-0.00024954
-0.00024954
-0.00024954
-0.00024954
-0.00024954
-0.00024954
-0.00024954
-0.00024954
-0.00024954
-0.00024954
-0.00024954
-0.00024954
-0.00024954
-0.00024954
-0.00024954
-0.00012477
-0.00024954
-0.00024954
-0.00024954
-0.00024954
-0.00024954
-0.00024954
-0.00024954
-0.00024954
-0.00024954
-0.00024954
-0.00024954
-0.00024954
-0.00024954
-0.00024954
-0.00024954
-0.00024954
-0.00024954
-0.00024954
-0.00024954
-0.00024954
-0.00024954
-0.00024954
-0.00024954
-0.00024954
-0.00024954
-0.00024954
-0.00024954
-0.00024954
-0.00037431
-0.00024954
-0.00024954
-0.00012477
-0.00024954
-0.00024954
-0.00024954
-0.00012477
-0.00024954
-0.00024954
-0.00024954
-0.00024954
-0.00024954
-0.00024954
-0.00024954
-0.00024954
-0.00024954
-0.00024954
-0.00024954
-0.00024954
-0.00012477
-0.00024954
-0.00012477
-0.00024954
-0.00012477
-0.00037431
-0.00024954
-0.00024954
-0.00024954
-0.00024954
-0.00024954
-0.00024954
-0.00024954
-0.00024954
-0.00024954
-0.00012477
-0.00024954
-0.00024954
-0.00024954
-0.00024954
-0.00024954
-0.00024954
-0.00024954
-0.00024954
-0.00024954
-0.00024954
-0.00024954
-0.00024954
-0.00012477
-0.00024954
-0.00024954
-0.00024954
-0.00012477
-0.00024954
-0.00024954
-0.00037431
-0.00024954
-0.00024954
-0.00024954
-0.00024954
-0.00024954
-0.00024954
-0.00024954
-0.00024954
-0.00024954
-0.00024954
-0.00024954
-0.00024954
-0.00024954
-0.00012477
-0.00024954
-0.00012477
-0.00024954
-0.00024954
-0.00024954
-0.00024954
-0.00024954
-0.00024954
-0.00024954
-0.00024954
-0.00024954
-0.00024954
-0.00024954
-0.00037431
-0.00024954
-0.00024954
-0.00012477
-0.00024954
-0.00024954
-0.00024954
-0.00024954
-0.00037431
-0.00024954
-0.00024954
-0.00024954