2.41579674
2.41654536
2.4155472
2.41691967
2.41567197
2.41704444
2.4155472
2.41716921
2.41567197
2.41704444
2.41579674
2.4167949
2.41604628
2.41667013
2.41642059
2.41642059
2.4167949
2.41617105
2.41716921
2.41592151
2.41729398
2.41567197
2.41729398
2.41567197
2.41729398
2.41592151
2.41729398
2.41617105
2.41691967
2.41629582
2.41667013
2.41667013
2.41629582
2.4167949
2.41604628
2.41704444
2.41592151
2.41729398
2.41579674
2.41729398
2.41567197
2.41704444
2.41579674
2.4167949
2.41604628
2.41667013
2.41629582
2.41654536
2.41667013
2.41617105
2.41704444
2.41592151
2.41716921
2.41579674
2.41716921
2.41579674
2.41729398
2.41592151
2.41716921
2.41617105
2.41691967
2.41642059
2.41667013
2.41667013
2.41642059
2.4167949
2.41604628
2.41716921
2.41592151
2.41729398
2.41579674
2.41729398
2.41579674
2.41716921
2.41592151
2.41704444
2.41604628
2.41667013
2.41617105
2.41629582
2.41642059
2.41592151
2.41654536
2.41542243
2.41667013
2.41529766
2.41667013
2.41517289
2.4167949
2.41529766
2.4167949
2.41567197
2.41667013
2.41604628
2.41642059
2.41629582
2.41604628
2.41654536
2.41579674
2.41691967
2.41567197
2.41704444
2.41567197
2.41716921
2.4155472
2.41716921
2.41567197
2.41704444
2.41592151
2.41629582
2.41567197
2.41604628
2.41617105
2.41592151
2.41667013
2.41567197
2.41691967
2.41567197
2.41716921
2.41567197
2.41716921
2.41567197
2.41716921
2.41592151
2.41704444
2.41617105
2.41667013
2.41642059
2.41642059
2.41667013
2.41617105
2.41691967
2.41579674
2.41716921
2.41567197
2.41729398
2.41542243
2.41704444
2.41542243
2.41704444
2.41567197
2.41691967
2.41592151
2.4167949
2.41617105
2.41654536
2.41654536
2.41617105
2.4167949
2.41579674
2.41704444
2.41567197
2.41704444
2.4155472
2.41704444
2.4155472
2.41704444
2.41579674
2.4167949
2.41604628
2.41654536
2.41629582
2.41629582
2.41667013
2.41604628
2.41704444
2.41592151
2.4167949
2.41542243
2.41667013
2.41367565
2.41542243
2.4142995
2.41579674
2.41467381
2.4155472
2.41517289
2.4155472
2.4155472
2.41529766
2.41592151
2.41504812
2.41629582
2.41504812
2.41642059
2.41492335
2.41654536
2.41517289
2.4167949
2.4155472
2.41654536
2.41567197
2.41642059
2.41617105
2.41617105
2.41654536
2.41592151
2.4167949
2.41567197
2.41704444
2.4155472
2.41691967
2.41542243
2.41704444
2.4155472
2.4167949
2.41567197
2.41654536
2.41592151
2.41629582
2.41629582
2.41592151
2.41654536
2.41567197
2.41691967
2.41567197
2.41704444
2.41567197
2.41704444
2.41542243
2.41704444
2.41567197
2.4167949
2.41579674
2.41654536
2.41617105
2.41629582
2.41654536
2.41604628
2.41691967
2.41579674
2.41716921
2.41567197
2.41716921
2.41529766
2.41667013
2.41479858
2.41629582
2.41517289
2.41629582
2.4155472
2.41617105
2.41604628
2.41604628
2.41667013
2.41579674
2.4167949
2.41567197
2.41704444
2.41567197
2.41716921
2.4155472
2.41704444
2.41567197
2.4167949
2.41579674
2.41654536
2.41604628
2.41642059
2.41654536
2.41617105
2.41691967
2.41592151
2.41716921
2.41592151
2.41729398
2.41567197
2.41729398
2.41579674
2.41716921
2.41592151
2.41704444
2.41617105
2.41667013
2.41642059
2.41642059
2.4167949
2.41592151
2.41691967
2.4155472
2.41691967
2.4155472
2.41704444
2.41517289
2.41642059
2.41504812
2.41617105
2.41517289
2.41592151
2.41542243
2.41567197
2.41567197
2.41529766
2.41604628
2.41504812
2.41617105
2.41492335
2.41642059
2.41504812
2.41667013
2.41517289
2.41667013
2.41542243
2.41654536
2.41579674
2.41629582
2.41604628
2.41579674
2.41617105
2.4155472
2.41642059
2.41529766
2.41667013
2.41517289
2.41691967
2.41529766
2.41691967
2.41542243
2.41667013
2.41567197
2.41654536
2.41604628
2.41629582
2.41629582
2.41604628
2.47007169
2.21778675
2.62940298
2.23824903
2.58411147
2.28553686
2.52072831
2.35328697
2.43987735
2.43663333
2.35590714
2.51611182
2.28254238
2.58049314
2.22739404
2.62154247
2.20181619
2.63164884
2.20892808
2.60806731
2.24810586
2.55441621
2.31348534
2.48092668
2.39283906
2.39945187
2.47356525
2.31984861
2.54805294
2.25421959
2.60332605
2.21142348
2.63090022
2.20119234
2.62353879
2.22477387
2.58535917
2.27592957
2.52235032
2.34879525
2.44237275
2.43189207
2.35965024
2.51199441
2.28503778
2.57837205
2.22901605
2.62004523
2.20368774
2.63239746
2.20293912
2.62079385
2.22677019
2.58598302
2.26819383
2.53682364
2.32596234
2.47194324
2.39583354
2.40132342
2.46570474
2.3319513
2.53208238
2.27168739
2.58411147
2.22864174
2.61942138
2.20244004
2.62790574
2.19582723
2.61580305
2.21404365
2.58461055
2.25097557
2.53308054
2.30737161
2.46832491
2.37499695
2.39733078
2.44349568
2.32845774
2.5066293
2.27093877
2.55990609
2.22265278
2.59983249
2.19320706
2.6176746
2.18709333
2.61218472
2.20356297
2.58548394
2.24049489
2.54293737
2.29140105
2.4816753
2.35727961
2.41142979
2.42852328
2.34130905
2.49639816
2.28553686
2.54418507
2.23500501
2.58935181
2.19882171
2.61430581
2.18572086
2.61542874
2.19744924
2.59309491
2.22988944
2.54930064
2.27630388
2.49627339
2.34080997
2.42727558
2.40968301
2.36039886
2.47705881
2.29464507
2.53607502
2.24224167
2.58298854
2.20281435
2.61181041
2.18609517
2.61680121
2.19482907
2.59559031
2.22689496
2.55790977
2.27106354
2.50101465
2.3344467
2.43326454
2.40593991
2.36214564
2.47581111
2.29626708
2.53582548
2.24361414
2.57974452
2.20755561
2.60956455
2.18759241
2.61754983
2.19170982
2.60132973
2.21940876
2.5627758
2.26719567
2.51386596
2.32034769
2.44898556
2.38996935
2.3781162
2.45996532
2.31061563
2.52422187
2.25234804
2.57575188
2.20930239
2.60819208
2.18871534
2.61804891
2.1922089
2.59958295
2.22614634
2.54967495
2.28890565
2.47880559
2.36526489
2.3968317
2.44698924
2.31835137
2.52210078
2.24997741
2.58111699
2.20206573
2.6139315
2.18634471
2.61230949
2.20481067
2.57837205
2.25272235
2.51798337
2.32034769
2.44287183
2.40406836
2.35653099
2.48716518
2.28403962
2.55716115
2.22914082
2.60719392
2.19894648
2.61742506
2.19744924
2.62690758
2.20743084
2.60157927
2.25122511
2.55054834
2.31410919
2.47393956
2.39645739
2.39121705
2.48005329
2.31161379
2.55341805
2.24773155
2.60744346
2.20817946
2.63077545
2.20268958
2.61929661
2.23113714
2.57550234
2.28753318
2.50812654
2.36613828
2.42340771
2.45247912
2.33906319
2.5315833
2.26732044
2.59259583
2.21890968
2.62840482
2.20056849
2.62778097
2.21928399
2.59184721
2.27019015
2.53545117
2.33594394
2.45460021
2.41879122
2.37262632
2.50001649
2.29626708
2.56988769
2.23637748
2.61742506
2.20431159
2.63189838
2.20768038
2.61168564
2.24348937
2.56090425
2.30250558
2.49203121
2.38385562
2.40618945
2.47007169
2.32259355
2.54730432
2.25446913
2.60370036
2.21192256
2.63052591
2.20256481
2.62216632
2.22851697
2.57924544
2.28603594
2.51424027
2.35478421
2.4355104
2.43463701
2.35715484
2.51561274
2.2820433
2.58199038
2.2271445
2.62316448
2.20256481
2.63040114
2.21304549
2.60220312
2.25546729
2.5465557
2.3182266
2.47493772
2.40194727
2.39034366
2.48491932
2.30986701
2.55790977
2.24586
2.60956455
2.20867854
2.63090022
2.20418682
2.61829845
2.23400685
2.57213355
2.2932726
2.50812654
2.36451627
2.42478018
2.44649016
2.34455307
2.52509526
2.27268555
2.58860319
2.22115554
2.62553511
2.20156665
2.62690758
2.21791152
2.59309491
2.26494981
2.53445301
2.33020452
2.46033963
2.41542243
2.37424833
2.49515046
2.30025972
2.56502166
2.23899765
2.61430581
2.20543452
2.6313993
2.20668222
2.61218472
2.24373891
2.55928224
2.30961747
2.49065874
2.38285746
2.40519129
2.46483135
2.32770912
2.54268783
2.25783792
2.60220312
2.21279595
2.63077545
2.20293912
2.62216632
2.23026375
2.57787297
2.28740841
2.51012286
2.36663736
2.4230334
2.45472498
2.3381898
2.53457778
2.26532412
2.5964637
2.21678859
2.62902867
2.20181619
2.62590942
2.22302709
2.58698118
2.27730204
2.51985492
2.3494191
2.44012689
2.43750672
2.35266312
2.51960538
2.27854974
2.58548394
2.22402525
2.62553511
2.2021905
2.62940298
2.21791152
2.59571508
2.26769475
2.53208238
2.33981181
2.45222958
2.42727558
2.36514012
2.51074671
2.28715887
2.57961975
2.23001421
2.62254063
2.20306389
2.63027637
2.21292072
2.60332605
2.25609114
2.54605662
2.32384125
2.46982215
2.40656376
2.38398039
2.48404593
2.31523212
2.5465557
2.26020855
2.59608939
2.21978307
2.62553511
2.20306389
2.62977729
2.2121721
2.60856639
2.24511138
2.56502166
2.29476984
2.50800177
2.36002455
2.43713241
2.42690127
2.37112908
2.49702201
2.30437713
2.55803454
2.24972787
2.60457375
2.21441796
2.62803051
2.20256481
2.62728189
2.21628951
2.60120496
2.25434436
2.55429144
2.30849454
2.49115782
2.37449787
2.42216001
2.44224798
2.35603191
2.50675407
2.29501938
2.56626936
2.24311506
2.60968932
2.2109244
2.62977729
2.20281435
2.62578465
2.22015738
2.59696278
2.26070763
2.54680524
2.31872568
2.48279823
2.38547763
2.41255272
2.45123142
2.34916956
2.51523843
2.28927996
2.57238309
2.2371261
2.61505443
2.20830423
2.63102499
2.20431159
2.62166724
2.2246491
2.58997566
2.26769475
2.53744749
2.32783389
2.47106985
2.39745555
2.3993271
2.46969738
2.32958067
2.53432824
2.27193693
2.58585825
2.22764358
2.62091862
2.20481067
2.63127453
2.20780515
2.61580305
2.23600317
2.57587665
2.28304146
2.52110262
2.34679893
2.45198004
2.41454904
2.38373085
2.48604225
2.31710367
2.54717955
2.26020855
2.59671324
2.22040692
2.62491126
2.20331343
2.63002683
2.21129871
2.60856639
2.2446123
2.56477212
2.29739001
2.50375959
2.36177133
2.43526086
2.43451224
2.36676213
2.49989172
2.30150742
2.56052994
2.24810586
2.6051976
2.21379411
2.62815528
2.20293912
2.62715712
2.21616474
2.60220312
2.25284712
2.55578868
2.30787069
2.49352845
2.37549603
2.42116185
2.44773786
2.358153
2.50887516
2.29427076
2.56701798
2.24299029
2.60981409
2.21067486
2.62977729
2.2034382
2.6239131
2.22078123
2.59484169
2.26108194
2.54218875
2.32159539
2.47718358
2.39196567
2.4068133
2.46233595
2.3394375
2.52546957
2.28254238
2.57662527
2.23450593
2.61567828
2.20743084
2.63090022
2.20530975
2.62017
2.22901605
2.58635733
2.27043969
2.53582548
2.33020452
2.46957261
2.40107388
2.39758032
2.47281663
2.33507055
2.53070991
2.2770525
2.58223992
2.23201053
2.61792414
2.20668222
2.63090022
2.2059336
2.61829845
2.23051329
2.58810411
2.26594797
2.53894473
2.32134585
2.47805697
2.38984458
2.40606468
2.45572314
2.40643899
2.45447544
2.34380445
2.5216017
2.2807956
2.5777482
2.23438116
2.61542874
2.2071813
2.63040114
2.20530975
2.61954615
2.22864174
2.58498486
2.27430756
2.53145853
2.33369808
2.46620382
2.40406836
2.39396199
2.4754368
2.32783389
2.53819611
2.26806906
2.59010043
2.22477387
2.62254063
2.20481067
2.63002683
2.20930239
2.61255903
2.23874811
2.57163447
2.28840657
2.51448981
2.35178973
2.44586631
2.42328294
2.37287586
2.49465138
2.31061563
2.55167127
2.25634068
2.59833525
2.21753721
2.62565988
2.20306389
2.62778097
2.2134198
2.60569668
2.2471077
2.56165287
2.30025972
2.4978954
2.37063
2.42652696
2.44399476
2.35802823
2.50974855
2.29938633
2.56227672
2.24735724
2.6064453
2.21267118
2.62877913
2.20331343
2.6251608
2.22003261
2.59571508
2.25921039
2.54817771
2.31510735
2.48479455
2.38410516
2.41217841
2.45709561
2.34804663
2.51835768
2.28441393
2.57562711
2.23637748
2.61418104
2.20867854
2.63027637
2.20530975
2.62041954
2.2283922
2.58660687
2.27493141
2.52546957
2.3481714
2.44661493
2.43027006
2.36276949
2.51174487
2.28940473
2.57662527
2.23238484
2.61904707
2.20530975
2.62965252
2.21167302
2.60569668
2.25172419
2.55129696
2.31747798
2.47568634
2.40069957
2.38984458
2.48516886
2.30986701
2.55840885
2.24735724
2.60906547
2.21005101
2.63002683
2.20680699
2.61555351
2.23812426
2.56938861
2.29776432
2.49939264
2.3768685
2.41704444
2.45934147
2.33507055
2.5365741
2.26507458
2.59633893
2.21791152
2.62753143
2.20418682
2.62303971
2.22539772
2.58598302
2.27655342
2.52235032
2.34991818
2.44112505
2.43388839
2.35840254
2.51386596
2.28403962
2.57986929
2.22976467
2.62079385
2.2046859
2.62915344
2.21454273
2.60257743
2.25733884
2.54580708
2.32496418
2.46857445
2.40893439
2.38497855
2.48903673
2.30974224
2.55840885
2.24598477
2.57038677
2.39670693
2.40419313
2.408061
2.41205364
2.41267749
2.41529766
2.41467381
2.41667013
2.41567197
2.41716921
2.41629582
2.41716921
2.41654536
2.41704444
2.41704444
2.4167949
2.41729398
2.41654536
2.41766829
2.41642059
2.41791783
2.41629582
2.41779306
2.41629582
2.41779306
2.41642059
2.41766829
2.41667013
2.41741875
2.41691967
2.41704444
2.41729398
2.4167949
2.41741875
2.41642059
2.41766829
2.41629582
2.41779306
2.41617105
2.41779306
2.41617105
2.41779306
2.41654536
2.41741875
2.41667013
2.41704444
2.41691967
2.4167949
2.41716921
2.41629582
2.41741875
2.41617105
2.41766829
2.41617105
2.41766829
2.41604628
2.41779306
2.41629582
2.41754352
2.41654536
2.41729398
2.4167949
2.41691967
2.41704444
2.41667013
2.41741875
2.41642059
2.41754352
2.41629582
2.41766829
2.41617105
2.41766829
2.41629582
2.41766829
2.41667013
2.41741875
2.4167949
2.41716921
2.41716921
2.41691967
2.41741875
2.41654536
2.41766829
2.41642059
2.41766829
2.41629582
2.41779306
2.41629582
2.41754352
2.41604628
2.41704444
2.41617105
2.41667013
2.41629582
2.41642059
2.41667013
2.41617105
2.41691967
2.41579674
2.41716921
2.41579674
2.41741875
2.41592151
2.41741875
2.41617105
2.41741875
2.41654536
2.41716921
2.4167949
2.41691967
2.41716921
2.41654536
2.41741875
2.41642059
2.41766829
2.41617105
2.41754352
2.41579674
2.41754352
2.41604628
2.41741875
2.41617105
2.41729398
2.41654536
2.41704444
2.4167949
2.41654536
2.41667013
2.41642059
2.41704444
2.41629582
2.41741875
2.41604628
2.41754352
2.41604628
2.41766829
2.41629582
2.41766829
2.41642059
2.41729398
2.41667013
2.41716921
2.41654536
2.41642059
2.41691967
2.41604628
2.41704444
2.41579674
2.41729398
2.41579674
2.41741875
2.41592151
2.41754352
2.41579674
2.41704444
2.41604628
2.41691967
2.41642059
2.41667013
2.4167949
2.41642059
2.41716921
2.41617105
2.41754352
2.41604628
2.41741875
2.41592151
2.41741875
2.41604628
2.41741875
2.41617105
2.41716921
2.41642059
2.41691967
2.41667013
2.41642059
2.41691967
2.41617105
2.41716921
2.41604628
2.41741875
2.41592151
2.41704444
2.4155472
2.41704444
2.41579674
2.41691967
2.41592151
2.4167949
2.41642059
2.41667013
2.4167949
2.41629582
2.4167949
2.41617105
2.41704444
2.41604628
2.41704444
2.41567197
2.41704444
