2.4180426
2.41854168
2.41816737
2.41841691
2.4180426
2.41829214
2.41791783
2.41816737
2.4180426
2.41779306
2.41779306
2.41779306
2.4180426
2.41791783
2.41816737
2.41791783
2.41829214
2.41779306
2.41816737
2.41779306
2.41791783
2.41754352
2.41779306
2.41754352
2.41791783
2.41779306
2.41779306
2.41791783
2.41791783
2.41816737
2.41791783
2.41816737
2.41779306
2.41816737
2.4180426
2.41829214
2.41791783
2.41841691
2.41829214
2.41854168
2.41841691
2.41854168
2.41841691
2.41841691
2.41854168
2.41816737
2.41841691
2.4180426
2.41829214
2.41766829
2.4180426
2.41766829
2.41779306
2.41754352
2.41766829
2.41741875
2.41741875
2.41741875
2.41754352
2.41741875
2.41741875
2.41766829
2.41754352
2.41791783
2.41741875
2.41791783
2.41779306
2.4180426
2.41779306
2.41829214
2.41791783
2.41816737
2.4180426
2.41829214
2.41829214
2.41816737
2.4180426
2.4180426
2.41841691
2.41816737
2.41854168
2.41829214
2.41879122
2.41841691
2.41879122
2.41829214
2.41866645
2.41841691
2.41866645
2.41854168
2.41879122
2.41879122
2.41866645
2.41879122
2.41854168
2.41879122
2.41841691
2.41879122
2.41829214
2.41879122
2.41841691
2.41891599
2.41841691
2.41891599
2.41866645
2.41891599
2.41866645
2.41879122
2.41866645
2.41866645
2.41879122
2.41866645
2.41904076
2.41866645
2.41904076
2.41866645
2.41891599
2.41854168
2.41866645
2.41829214
2.41879122
2.41854168
2.41879122
2.41866645
2.41879122
2.41879122
2.41879122
2.41891599
2.41866645
2.41879122
2.41854168
2.41891599
2.41854168
2.41891599
2.41854168
2.41904076
2.41866645
2.41891599
2.41866645
2.41879122
2.41879122
2.41879122
2.41891599
2.41879122
2.41904076
2.41879122
2.41891599
2.41866645
2.41904076
2.41866645
2.41891599
2.41866645
2.41891599
2.41866645
2.41879122
2.41879122
2.41879122
2.41891599
2.41879122
2.41904076
2.41866645
2.41904076
2.41841691
2.41866645
2.41829214
2.41879122
2.41829214
2.41854168
2.41829214
2.41854168
2.41816737
2.41829214
2.41829214
2.41816737
2.41841691
2.41829214
2.41879122
2.41841691
2.41891599
2.41854168
2.41891599
2.41854168
2.41891599
2.41854168
2.41879122
2.41866645
2.41879122
2.41854168
2.41841691
2.41854168
2.41841691
2.41891599
2.41829214
2.41854168
2.41816737
2.41841691
2.4180426
2.41866645
2.4180426
2.41854168
2.41829214
2.41879122
2.41866645
2.41841691
2.41841691
2.41841691
2.41841691
2.41829214
2.41866645
2.41829214
2.41879122
2.41841691
2.41891599
2.41841691
2.41879122
2.41841691
2.41879122
2.41754352
2.43076914
2.41030686
2.42091231
2.42166093
2.40993255
2.43014529
2.40232158
2.43887919
2.39471061
2.44511769
2.39021889
2.44711401
2.39071797
2.44461861
2.39545923
2.43813057
2.40319497
2.42902236
2.41355088
2.4180426
2.42478018
2.40731238
2.43476178
2.39820417
2.44262229
2.39221521
2.44661493
2.38996935
2.44649016
2.39233998
2.44212321
2.39882802
2.43388839
2.40793623
2.42365725
2.41916553
2.41242795
2.43002052
2.40269589
2.43912873
2.39471061
2.44524246
2.39034366
2.44698924
2.39046843
2.44449384
2.39496015
2.43813057
2.40257112
2.42952144
2.41267749
2.41854168
2.42415633
2.40756192
2.43388839
2.39820417
2.4417489
2.3918409
2.44611585
2.38947027
2.44611585
2.39146659
2.44199844
2.39745555
2.4342627
2.40643899
2.42440587
2.41754352
2.41342611
2.42864805
2.40356928
2.43775626
2.395584
2.44449384
2.39084274
2.44698924
2.39021889
2.44524246
2.3943363
2.43937827
2.40094911
2.43189207
2.41093071
2.42091231
2.42216001
2.40980778
2.43264069
2.40020049
2.44112505
2.39333814
2.44624062
2.39021889
2.44711401
2.3918409
2.44362045
2.39720601
2.43638379
2.4055656
2.42665173
2.41642059
2.41529766
2.42715081
2.40506652
2.43638379
2.39658216
2.44374522
2.39134182
2.44723878
2.39021889
2.44574154
2.39371245
2.44025166
2.3993271
2.43363885
2.408061
2.42328294
2.41941507
2.41217841
2.43014529
2.40207204
2.43912873
2.39446107
2.44499292
2.39009412
2.4467397
2.39021889
2.4442443
2.39496015
2.43788103
2.40319497
2.42852328
2.41355088
2.41729398
2.42453064
2.4068133
2.43401316
2.39770509
2.44187367
2.39146659
2.44624062
2.38959504
2.44599108
2.39196567
2.44137459
2.39845371
2.4342627
2.40656376
2.4242811
2.41779306
2.41317657
2.42814897
2.4030702
2.43738195
2.39496015
2.44399476
2.39021889
2.44649016
2.38996935
2.44499292
2.39396199
2.43912873
2.40157296
2.43014529
2.41142979
2.41879122
2.42253432
2.408061
2.43239115
2.39857848
2.44062597
2.3918409
2.445492
2.3893455
2.44624062
2.39146659
2.44224798
2.39720601
2.43588471
2.40481698
2.42627742
2.41567197
2.41517289
2.4267765
2.40469221
2.43625902
2.39608308
2.44349568
2.39096751
2.44661493
2.38984458
2.445492
2.3930886
2.44025166
2.40045003
2.4317673
2.41005732
2.42078754
2.42103708
2.40993255
2.43114345
2.4005748
2.43975258
2.39321337
2.445492
2.39009412
2.4467397
2.39109228
2.44312137
2.39670693
2.43700764
2.40356928
2.42740035
2.4142995
2.41604628
2.42540403
2.4055656
2.4355104
2.39670693
2.44287183
2.39121705
2.44611585
2.38959504
2.44561677
2.39258952
2.4405012
2.39920233
2.43214161
2.40918393
2.42141139
2.42028846
2.41043163
2.43039483
2.4005748
2.43937827
2.3930886
2.44499292
2.38971981
2.44624062
2.39071797
2.44287183
2.39633262
2.43563517
2.4043179
2.42652696
2.40731238
2.42340771
2.41816737
2.41230318
2.42914713
2.4018225
2.43825534
2.39508492
2.44337091
2.38996935
2.44611585
2.38947027
2.4442443
2.39346291
2.43838011
2.40132342
2.42902236
2.4118041
2.4180426
2.42240955
2.40693807
2.43276546
2.39745555
2.44075074
2.39109228
2.44524246
2.38897119
2.44524246
2.39134182
2.44062597
2.39782986
2.43289023
2.40706284
2.42253432
2.41829214
2.41130502
2.42939667
2.40132342
2.43862965
2.39346291
2.44324614
2.38996935
2.44611585
2.38959504
2.4442443
2.39383722
2.43838011
2.40132342
2.42939667
2.41167933
2.41841691
2.42228478
2.40706284
2.43039483
2.39758032
2.43887919
2.39109228
2.44436907
2.38859688
2.44499292
2.39034366
2.44124982
2.395584
2.43463701
2.40344451
2.4255288
2.41367565
2.41467381
2.42465541
2.4043179
2.43463701
2.395584
2.44162413
2.39021889
2.44511769
2.38847211
2.44461861
2.39221521
2.43987735
2.39895279
2.43151776
2.40893439
2.42116185
2.4192903
2.41018209
2.43039483
2.40045003
2.4392535
2.39333814
2.44511769
2.38984458
2.44649016
2.39109228
2.44312137
2.39620785
2.43638379
2.40481698
2.4267765
2.4155472
2.41567197
2.4267765
2.40494175
2.43650856
2.39633262
2.44337091
2.39109228
2.44661493
2.39021889
2.44536723
2.39408676
2.43962781
2.4018225
2.4305196
2.41217841
2.42128662
2.42091231
2.40843531
2.42652696
2.39620785
2.43164253
2.38635102
2.43600948
2.38073637
2.43638379
2.37923913
2.43413793
2.38073637
2.42952144
2.38510332
2.42278386
2.39171613
2.41467381
2.40020049
2.40531606
2.40880962
2.39645739
2.41691967
2.38897119
2.42453064
2.38273269
2.42977098
2.37836574
2.433015
2.37674373
2.43313977
2.37774189
2.43076914
2.38098591
2.42615265
2.38647579
2.41879122
2.39421153
2.41018209
2.40282066
2.40119865
2.41118025
2.39258952
2.41866645
2.38535286
2.42502972
2.37923913
2.42977098
2.37611988
2.43226638
2.37574557
2.43164253
2.37774189
2.42814897
2.38173453
2.42265909
2.38847211
2.41492335
2.39608308
2.40631422
2.40519129
2.39695647
2.41392519
2.38859688
2.42103708
2.38198407
2.42702604
2.37724281
2.43076914
2.37512172
2.43164253
2.37624465
2.42989575
2.37986298
2.42752512
2.38348131
2.42141139
2.39134182
2.41155456
2.4018225
2.40069957
2.41267749
2.39046843
2.42228478
2.38198407
2.42864805
2.3768685
2.43201684
2.3756208
2.43089391
2.37861528
2.42565357
2.38572717
2.41716921
2.39620785
2.40693807
2.40818577
2.39658216
2.41991415
2.38722441
2.42939667
2.3806116
2.4342627
2.37824097
2.43401316
2.38123545
2.4305196
2.38597671
2.42290863
2.39545923
2.41205364
2.40706284
2.40007572
2.41866645
2.3893455
2.42814897
2.38111068
2.43226638
2.37711804
2.43326454
2.37749235
2.42977098
2.38273269
2.42278386
2.39121705
2.41355088
2.40119865
2.40244635
2.41155456
2.39233998
2.42116185
2.38335654
2.42852328
2.37774189
2.43239115
2.37624465
2.43164253
2.37886482
2.42665173
2.38535286
2.41866645
2.39458584
2.40793623
2.4055656
2.39720601
2.41604628
2.38759872
2.42502972
2.38036206
2.43076914
2.3768685
2.43289023
2.37699327
2.4305196
2.38160976
2.42415633
2.38947027
2.41479858
2.39945187
2.40369405
2.40980778
2.39321337
2.41953984
2.38398039
2.42727558
2.37799143
2.43151776
2.37574557
2.4317673
2.37799143
2.42777466
2.38398039
2.420538
2.39333814
2.41118025
2.40381882
2.39995095
2.41442427
2.38996935
2.42290863
2.38160976
2.4280242
2.37724281
2.4317673
2.3756208
2.43114345
2.37861528
2.42627742
2.3856024
2.4180426
2.39483538
2.40781146
2.4055656
2.39733078
2.41642059
2.38759872
2.42527926
2.38036206
2.43126822
2.3768685
2.43313977
2.37749235
2.43014529
2.38160976
2.42290863
2.38971981
2.41342611
2.40020049
2.40232158
2.41105548
2.39196567
2.42078754
2.38298223
2.4280242
2.37761712
2.43201684
2.37599511
2.43164253
2.37886482
2.42715081
2.38535286
2.41904076
2.39496015
2.40880962
2.40519129
2.39857848
2.41567197
2.38834734
2.42478018
2.38098591
2.43076914
2.37674373
2.43289023
2.37711804
2.43002052
2.38123545
2.42378202
2.38922073
2.41417473
2.39957664
2.40319497
2.41030686
2.39258952
2.42028846
2.38373085
2.42764989
2.37799143
2.4317673
2.37611988
2.43201684
2.37849051
2.42789943
2.38360608
2.42091231
2.39221521
2.41105548
2.40207204
2.4005748
2.41255272
2.38971981
2.4217857
2.38148499
2.42864805
2.37649419
2.43189207
2.37574557
2.43014529
2.37911436
2.42490495
2.38672533
2.41654536
2.39695647
2.41417473
2.40132342
2.408061
2.41592151
2.40069957
2.42839851
2.39408676
2.43750672
2.38909596
2.44312137
2.38772349
2.4442443
2.39021889
2.44100028
2.39645739
2.43401316
2.4043179
2.42490495
2.41504812
2.41417473
2.42640219
2.40481698
2.41966461
2.41916553
2.41941507
2.41891599
2.41916553
2.41854168
2.41879122
2.41854168
2.41891599
2.41866645
2.41891599
2.41879122
2.41879122
2.41879122
2.41866645
2.41866645
2.41854168
2.41891599
2.41816737
2.41866645
2.41829214
2.41879122
2.41841691
2.41879122
2.41841691
2.41879122
2.41829214
2.41854168
2.41829214
2.4180426
2.41791783
2.41791783
2.41841691
2.4180426
2.41829214
2.41791783
2.41841691
2.41766829
2.41816737
2.41766829
2.4180426
2.41779306
2.41816737
2.41791783
2.41829214
2.41829214
2.41816737
2.41829214
2.41816737
2.41841691
2.41816737
2.41866645
2.41829214
2.41891599
2.41854168
2.41904076
2.41879122
2.41904076
2.41866645
2.41904076
2.41904076
2.41879122
2.41891599
2.41891599
2.41904076
2.41891599
2.41916553
2.41891599
2.41916553
2.41866645
2.41916553
2.41879122
2.41891599
2.41866645
2.41891599
2.41866645
2.41866645
2.41854168
2.41841691
2.41841691
2.41816737
2.41829214
2.41791783
2.4180426
2.41766829
2.41816737
2.41754352
2.4180426
2.41766829
2.4180426
2.41766829
2.41766829
2.41741875
2.41754352
2.41754352
2.41741875
2.41766829
2.41741875
2.41779306
2.41741875
2.41766829
2.41729398
2.41779306
2.41741875
2.41791783
2.41766829
2.41816737
2.41816737
2.41841691
2.41854168
2.41829214
2.41854168
2.41841691
2.41879122
2.41841691
2.41891599
2.41841691
2.41891599
2.41866645
2.41916553
2.41879122
2.41904076
2.41866645
2.41891599
2.41879122
2.41904076
2.41891599
2.41879122
2.41904076
2.41891599
2.41916553
2.41891599
2.4192903
2.41879122
2.41916553
2.41891599
2.41916553
2.41879122
2.41904076
2.41879122
2.41916553
2.41904076
2.41916553
2.41916553
2.41891599
2.41916553
2.41904076
2.4192903
2.41879122
2.41916553
2.41879122
2.41916553
2.41879122
2.41916553
2.41879122
2.41904076
2.41866645
2.41891599
2.41866645
2.41866645
2.41879122
2.41866645
2.41879122
2.41866645
2.41891599
2.41854168
2.41891599
2.41854168
2.41891599
2.41866645
2.41891599
2.41866645
2.41891599
2.41879122
2.41879122
2.41879122
2.41854168
2.41866645
2.41854168
2.41866645
2.41829214
2.41879122
2.41841691
2.41891599
2.41866645
2.41904076
2.41879122
2.41891599
2.41879122
2.41904076
2.41891599
2.41891599
2.41891599
2.41866645
2.41891599
2.41854168
2.41891599
2.41841691
2.41866645
2.41829214
2.41866645
2.41829214
2.41866645
2.41829214
2.41854168
2.41854168
2.41866645
2.41866645
2.41854168
2.41879122
2.41854168
2.41904076
2.41866645
2.41916553
2.41866645
2.41916553
2.41879122
2.41916553
2.41879122
2.41916553
2.41879122
2.41916553
2.41891599
2.41904076
2.41904076
2.41891599
2.41904076
2.41879122
2.41916553
2.41879122
2.41916553
2.41866645
2.41916553
2.41879122
2.41916553
2.41879122
2.41904076
2.41866645
2.41891599
2.41879122
2.41879122
2.41891599
2.41866645
