-0.00024954
-0.00024954
-0.00012477
-0.00024954
-0.00024954
-0.00024954
-0.00024954
-0.00024954
-0.00012477
-0.00024954
-0.00024954
-0.00024954
-0.00024954
-0.00024954
-0.00024954
-0.00024954
-0.00024954
-0.00024954
-0.00024954
-0.00024954
-0.00024954
-0.00024954
-0.00024954
-0.00012477
-0.00024954
-0.00024954
-0.00024954
-0.00024954
-0.00024954
-0.00024954
-0.00024954
-0.00024954
-0.00024954
-0.00024954
-0.00024954
-0.00024954
-0.00024954
-0.00024954
-0.00024954
-0.00024954
-0.00024954
-0.00024954
-0.00024954
-0.00024954
-0.00012477
-0.00024954
-0.00024954
-0.00024954
-0.00012477
-0.00024954
-0.00024954
-0.00024954
-0.00024954
-0.00024954
-0.00024954
-0.00024954
-0.00024954
-0.00024954
-0.00024954
-0.00024954
-0.00024954
-0.00024954
-0.00024954
-0.00024954
-0.00024954
-0.00024954
-0.00024954
-0.00024954
-0.00037431
-0.00024954
-0.00024954
-0.00024954
-0.00024954
-0.00012477
-0.00024954
-0.00024954
-0.00024954
-0.00024954
-0.00024954
-0.00024954
-0.00024954
-0.00024954
-0.00024954
-0.00024954
-0.00012477
-0.00024954
-0.00012477
-0.00024954
-0.00024954
-0.00024954
-0.00024954
-0.00024954
-0.00024954
-0.00024954
-0.00024954
-0.00024954
-0.00024954
-0.00024954
-0.00024954
-0.00024954
-0.00024954
-0.00024954
-0.00024954
-0.00024954
-0.00024954
-0.00024954
-0.00024954
-0.00024954
-0.00024954
-0.00024954
-0.00024954
-0.00012477
-0.00024954
-0.00024954
-0.00024954
-0.00012477
-0.00024954
-0.00024954
-0.00037431
-0.00024954
-0.00024954
-0.00024954
-0.00024954
-0.00024954
-0.00024954
-0.00024954
-0.00024954
-0.00024954
-0.00024954
-0.00024954
-0.00024954
-0.00024954
-0.00024954
-0.00024954
-0.00024954
-0.00024954
-0.00012477
-0.00024954
-0.00024954
-0.00024954
-0.00012477
-0.00024954
-0.00024954
-0.00024954
-0.00024954
-0.00024954
-0.00024954
-0.00024954
-0.00024954
-0.00024954
-0.00024954
-0.00024954
-0.00024954
-0.00024954
-0.00024954
-0.00024954
-0.00024954
-0.00024954
-0.00024954
-0.00012477
-0.00024954
-0.00024954
-0.00024954
-0.00012477
-0.00024954
-0.00024954
-0.00024954
-0.00024954
-0.00024954
-0.00024954
-0.00024954
-0.00024954
-0.00024954
-0.00024954
-0.00024954
-0.00024954
-0.00024954
-0.00037431
-0.00024954
-0.00024954
-0.00024954
-0.00024954
-0.00024954
-0.00024954
-0.00012477
-0.00024954
-0.00024954
-0.00037431
-0.00024954
-0.00024954
-0.00024954
-0.00024954
-0.00024954
-0.00024954
-0.00024954
-0.00024954
-0.00024954
-0.00024954
-0.00024954
-0.00024954
-0.00024954
-0.00012477
-0.00024954
-0.00012477
-0.00024954
-0.00024954
-0.00037431
-0.00024954
-0.00024954
-0.00024954
-0.00024954
-0.00024954
-0.00024954
-0.00024954
-0.00024954
-0.00024954
-0.00024954
-0.00024954
-0.00024954
-0.00024954
-0.00012477
-0.00024954
-0.00024954
-0.00024954
-0.00024954
-0.00024954
-0.00012477
-0.00024954
-0.00024954
-0.00024954
-0.00012477
-0.00024954
-0.00024954
-0.00024954
-0.00024954
-0.00024954
-0.00024954
-0.00024954
-0.00024954
-0.00024954
-0.00024954
-0.00024954
-0.00024954
-0.00024954
-0.00024954
0.03106773
0.12264891
0.13861947
0.13113327
0.13562499
0.13325436
0.1359993
0.13612407
0.14186349
0.14361027
0.1522194
0.15359187
0.16332393
0.15259371
0.02083659
0.00012477
0.0
-0.00012477
-0.00012477
-0.00024954
-0.00012477
-0.00024954
-0.00024954
-0.00024954
-0.00012477
-0.00024954
-0.00024954
-0.00024954
-0.00024954
-0.00024954
-0.00024954
-0.00024954
-0.00024954
-0.00024954
-0.00024954
-0.00024954
-0.00024954
-0.00012477
-0.00024954
-0.00012477
-0.00024954
-0.00024954
-0.00037431
-0.00024954
-0.00024954
-0.00012477
-0.00024954
-0.00024954
-0.00024954
-0.00024954
-0.00012477
-0.00024954
-0.00024954
-0.00024954
-0.00024954
-0.00024954
-0.00024954
-0.00024954
-0.00024954
-0.00024954
-0.00024954
-0.00024954
-0.00012477
-0.00024954
-0.00024954
-0.00024954
-0.00024954
-0.00024954
-0.00024954
-0.00024954
-0.00024954
-0.00024954
-0.00024954
-0.00024954
-0.00024954
-0.00024954
-0.00024954
-0.00024954
-0.00024954
-0.00024954
-0.00024954
-0.00024954
-0.00024954
-0.00024954
-0.00024954
-0.00012477
-0.00024954
-0.00024954
-0.00024954
-0.00024954
-0.00024954
-0.00024954
-0.00024954
-0.00024954
-0.00024954
-0.00024954
-0.00024954
-0.00024954
-0.00024954
-0.00024954
-0.00024954
-0.00024954
-0.00012477
-0.00024954
-0.00024954
-0.00024954
-0.00024954
-0.00024954
-0.00024954
-0.00024954
-0.00037431
-0.00024954
-0.00024954
-0.00024954
-0.00024954
-0.00024954
-0.00024954
-0.00024954
-0.00024954
-0.00012477
-0.00024954
-0.00024954
-0.00024954
-0.00024954
-0.00024954
-0.00024954
-0.00024954
-0.00024954
-0.00024954
-0.00024954
-0.00024954
-0.00024954
-0.00024954
-0.00024954
-0.00024954
-0.00024954
-0.00012477
-0.00024954
-0.00024954
-0.00024954
-0.00012477
-0.00024954
-0.00024954
0.06550425
0.14498274
0.13774608
0.13362867
0.13574976
0.13362867
0.13812039
0.1384947
0.14573136
0.14747814
0.15633681
0.15783405
0.16631841
0.16544502
0.17255691
0.1684395
0.16981197
0.16157715
0.15908175
0.14835153
0.1447332
0.13874424
0.13662315
0.13462683
0.13387821
0.13550022
0.13587453
0.13986717
0.14148918
0.14910015
0.15109647
0.16007991
0.16057899
0.16769088
0.16606887
0.17280645
0.16744134
0.16856427
0.15870744
0.15571296
0.14560659
0.14273688
0.137247
0.13574976
0.13425252
0.13387821
0.13612407
0.13537545
0.13999194
0.14148918
0.14959923
0.15122124
0.16070376
0.1609533
0.16981197
0.16706703
0.17305599
0.16706703
0.16669272
0.15696066
0.1534671
0.14423412
0.14123964
0.13662315
0.13512591
0.13450206
0.13387821
0.13649838
0.13774608
0.14173872
0.1434855
0.15147078
0.1534671
0.16257531
0.16282485
0.17081013
0.16794042
0.17230737
0.16482117
0.16307439
0.15271848
0.14885061
0.14086533
0.13861947
0.13512591
0.13412775
0.13450206
0.13450206
0.13861947
0.1397424
0.1472286
0.14897538
0.15820836
0.15883221
0.16756611
0.16644318
0.17280645
0.16769088
0.1684395
0.15883221
0.15533865
0.14548182
0.14173872
0.13687269
0.13525068
0.13425252
0.13387821
0.13612407
0.13712223
0.14261211
0.1447332
0.15334233
0.15459003
0.16369824
0.16357347
0.17130921
0.16806519
0.17118444
0.16357347
0.16170192
0.15059739
0.14660475
0.13961763
0.13749654
0.13462683
0.13375344
0.1347516
0.13512591
0.13949286
0.14061579
0.14822676
0.15022308
0.15920652
0.15995514
0.16831473
0.16669272
0.17255691
0.16644318
0.16644318
0.15696066
0.15334233
0.14385981
0.14086533
0.13612407
0.13500114
0.13375344
0.13362867
0.13649838
0.13749654
0.14385981
0.14573136
0.15396618
0.15546342
0.1646964
0.16419732
0.17168352
0.16769088
0.17043582
0.16157715
0.15908175
0.14947446
0.14585613
0.13899378
0.13687269
0.13450206
0.13362867
0.13512591
0.13525068
0.14049102
0.14186349
0.15009831
0.15172032
0.16082853
0.16132761
0.16956243
0.16744134
0.1721826
0.16532025
0.16432209
0.15396618
0.15009831
0.14236257
0.13949286
0.13550022
0.13400298
0.13400298
0.13375344
0.13674792
0.13737177
0.14361027
0.14573136
0.15409095
0.15558819
0.16444686
0.16407255
0.17143398
0.16794042
0.17031105
0.16170192
0.15933129
0.14910015
0.14535705
0.13899378
0.13687269
0.13450206
0.1335039
0.13487637
0.13537545
0.14036625
0.14036625
0.14760291
0.14947446
0.15858267
0.15920652
0.16769088
0.16631841
0.17230737
0.16669272
0.16706703
0.15733497
0.15371664
0.14460843
0.14148918
0.13799562
0.13612407
0.13400298
0.1335039
0.13562499
0.13624884
0.14311119
0.14635521
0.15558819
0.15671112
0.16569456
0.1646964
0.17168352
0.16769088
0.1696872
0.1609533
0.15795882
0.14797722
0.14410935
0.13787085
0.13649838
0.13437729
0.13337913
0.13437729
0.13487637
0.13986717
0.14123964
0.14922492
0.15147078
0.16045422
0.16082853
0.16931289
0.16731657
0.17180829
0.16457163
0.16294962
0.15109647
0.1459809
0.13799562
0.13574976
0.13375344
0.13362867
0.13762131
0.13961763
0.14872584
0.15022308
0.15933129
0.15995514
0.16856427
0.16681749
0.17180829
0.16519548
0.16419732
0.15459003
0.15059739
0.14173872
0.13911855
0.14061579
0.1384947
0.1347516
0.1335039
0.13387821
0.13375344
0.13762131
0.13861947
0.14535705
0.14760291
0.15608727
0.15758451
0.16482117
0.16444686
0.17155875
0.16619364
0.16482117
0.15608727
0.15034785
0.14024148
0.13687269
0.13362867
0.13275528
0.13537545
0.13612407
0.13911855
0.14061579
0.14872584
0.149724
0.15858267
0.15945606
0.16756611
0.1659441
0.17143398
0.16519548
0.16444686
0.15434049
0.15034785
0.14148918
0.13924332
0.1347516
0.13375344
0.13312959
0.13288005
0.13637361
0.13799562
0.14510751
0.14760291
0.15633681
0.15733497
0.16631841
0.16507071
0.17118444
0.16444686
0.16182669
0.14997354
0.14398458
0.13674792
0.13437729
0.13300482
0.13263051
0.1347516
0.13525068
0.14111487
0.14248734
0.15084693
0.15259371
0.16182669
0.16182669
0.1696872
0.16644318
0.16993674
0.16195146
0.15983037
0.14934969
0.14523228
0.13824516
0.1359993
0.13337913
0.13263051
0.13387821
0.13425252
0.13936809
0.14086533
0.14885061
0.15122124
0.16082853
0.16132761
0.16956243
0.16644318
0.16794042
0.15945606
0.15496434
0.14361027
0.13936809
0.13437729
0.13312959
0.13300482
0.13300482
0.13674792
0.13812039
0.14560659
0.14672952
0.1559625
0.15696066
0.16556979
0.16444686
0.1709349
0.16544502
0.1659441
0.15583773
0.15196986
0.14236257
0.13961763
0.13512591
0.13375344
0.13275528
0.13250574
0.13587453
0.13737177
0.14423412
0.14672952
0.15621204
0.15696066
0.16606887
0.16507071
0.17056059
0.16294962
0.1597056
0.14772768
0.14286165
0.13587453
0.13375344
0.13288005
0.1322562
0.13337913
0.13375344
0.13774608
0.13936809
0.14672952
0.14872584
0.15745974
0.15870744
0.16731657
0.16544502
0.17068536
0.16556979
0.16619364
0.15671112
0.15309279
0.14323596
0.13936809
0.13462683
0.13325436
0.13250574
0.13238097
0.13612407
0.137247
0.14385981
0.14660475
0.1559625
0.15795882
0.16744134
0.1659441
0.16993674
0.16082853
0.16157715
0.15159555
0.14735337
0.13961763
0.13687269
0.1335039
0.13238097
0.13300482
0.13312959
0.13787085
0.13924332
0.14623044
0.14810199
0.15683589
0.15783405
0.16619364
0.16507071
0.17031105
0.16494594
0.16369824
0.15334233
0.149724
0.1409901
0.13787085
0.13387821
0.13288005
0.13300482
0.13312959
0.13774608
0.1397424
0.14747814
0.15034785
0.16020468
0.16132761
0.1696872
0.16606887
0.16868904
0.16007991
0.1572102
0.14672952
0.14298642
0.13674792
0.1347516
0.13275528
0.13200666
0.1335039
0.13425252
0.13936809
0.14123964
0.14984877
0.15134601
0.16082853
0.16057899
0.16856427
0.16569456
0.16943766
0.16182669
0.15983037
0.14934969
0.14523228
0.13812039
0.13537545
0.13275528
0.13200666
0.13300482
0.13337913
0.13824516
0.14011671
0.14860107
0.14997354
0.15870744
0.15933129
0.16731657
0.16544502
0.17006151
0.16319916
0.162201
0.15172032
0.14747814
0.13949286
0.13674792
0.13325436
0.13213143
0.13250574
0.13275528
0.13699746
0.13874424
0.14498274
0.14710383
0.1559625
0.15708543
0.16569456
0.16444686
0.17031105
0.16457163
0.16444686
0.15483957
0.1509717
0.14161395
0.13874424
0.13425252
0.13275528
0.1322562
0.13213143
0.13550022
0.13674792
0.14311119
0.14435889
0.15309279
0.15421572
0.16332393
0.16257531
0.1696872
0.16532025
0.16694226
0.15758451
0.15459003
0.14460843
0.14123964
0.13537545
0.13375344
0.13213143
0.13163235
0.13375344
0.1347516
0.14036625
0.14236257
0.1509717
0.15234417
0.16132761
0.16132761
0.16893858
0.16556979
0.1684395
0.15995514
0.1572102
0.14685429
0.14323596
0.13674792
0.13487637
0.13238097
0.13125804
0.13275528
0.13362867
0.13899378
0.14111487
0.14872584
0.15084693
0.15908175
0.15945606
0.16744134
0.16519548
0.16906335
0.16157715
0.15958083
0.14922492
0.14510751
0.13749654
0.13537545
0.13250574
0.13150758
0.1322562
0.13263051
0.13749654
0.13924332
0.14660475
0.1484763
0.15758451
0.15833313
0.16644318
0.16444686
0.16956243
0.16319916
0.16207623
0.15196986
0.14810199
0.1397424
0.13699746
0.13312959
0.13200666
0.13188189
0.13188189
0.13562499
0.13712223
0.14423412
0.1459809
0.15483957
0.15571296
0.16407255
0.16307439
0.16918812
0.16419732
0.16444686
0.15446526
0.14922492
0.13936809
0.13574976
0.13238097
0.13125804
0.13312959
0.1347516
0.14136441
0.14460843
0.15459003
0.15658635
0.16581933
0.16457163
0.16881381
0.16007991
0.1559625
0.14423412
0.13949286
0.13387821
0.13213143
0.13163235
0.1322562
0.13737177
0.1397424
0.14860107
0.15196986
0.1522194
0.15446526
0.16357347
0.16332393
0.16943766
0.16282485
0.16020468
0.14810199
0.14273688
0.13550022
0.13325436
0.13175712
0.13175712
0.1359993
0.13824516
0.14710383
0.15009831
0.16057899
0.16120284
0.16906335
0.1646964
0.16407255
0.15284325
0.14685429
0.13812039
0.13500114
0.13213143
0.13125804
0.1335039
0.13500114
0.14186349
0.14523228
0.15546342
0.15758451
0.16644318
0.16332393
0.16943766
0.16307439
0.16082853
0.15409095
0.15396618
0.14323596
0.1384947
0.13337913
0.13175712
0.13200666
0.13238097
0.13450206
0.13387821
0.13687269
0.13587453
0.13911855
0.13812039
0.14248734
0.14136441
0.14498274
0.14311119
0.14760291
0.14560659
0.15059739
0.14785245
0.15371664
0.15209463
0.15808359
0.15608727
0.16145238
0.15858267
0.16444686
0.16120284
0.16681749
0.16332393
0.16856427
0.16482117
0.16931289
0.1646964
0.16818996
0.16332393
0.16631841
0.16082853
0.16319916
0.15733497
0.15858267
0.15271848
0.15296802
0.1472286
0.14735337
0.14336073
0.14336073
0.13961763
0.13949286
0.13624884
0.13624884
0.13400298
0.13362867
0.13250574
0.1322562
0.13188189
0.13138281
0.13163235
0.13088373
0.13188189
0.13138281
0.13300482
0.1322562
0.13487637
0.13425252
0.13712223
0.13624884
0.13924332
0.13649838
0.14011671
0.13949286
0.14398458
0.14311119
0.14772768
0.14585613
0.14984877
0.14785245
0.15184509
0.15009831
0.15571296
0.15334233
0.15945606
0.15708543
0.16282485
0.15995514
0.16581933
0.162201
0.16756611
0.16357347
0.16881381
0.16444686
0.16881381
0.16407255
0.16694226
0.16157715
0.1634487
0.15833313
0.15995514
0.15446526
0.15508911
0.14910015
0.14959923
0.14423412
0.14410935
0.14161395
0.14186349
0.13861947
0.13886901
0.13587453
0.13587453
0.1335039
0.13337913
0.13200666
0.13175712
0.13138281
0.13088373
0.13125804
0.13050942
0.13163235
0.1310085
0.13275528
0.13188189
0.13450206
0.13375344
0.137247
0.13637361
0.13936809
0.13749654
0.1409901
0.13986717
0.1447332
0.14385981
0.14822676
0.14635521
0.15122124
0.14922492
0.15483957
0.1522194
0.15770928
0.15508911
0.16007991
0.15608727
0.16195146
0.15920652
0.16507071
0.16182669
0.16731657
0.1634487
0.16831473
0.16419732
0.16831473
0.16369824
0.16656795
0.16132761
0.16307439
0.15783405
0.1584579
0.15359187
0.15434049
0.14959923
0.14984877
0.14485797
0.14460843
0.13999194
0.13999194
0.13649838
0.13612407
0.13412775
0.13375344
0.13250574
0.1322562
0.13113327
0.1310085
0.13063419
0.13025988
0.13088373
0.13050942
0.13175712
0.1310085
0.13312959
0.13238097
0.13512591
0.13462683
0.13812039
0.13737177
0.1409901
0.13961763
0.14460843
0.14286165
0.14685429
0.14460843
0.14922492
0.14747814
0.15184509
0.14959923
0.15508911
0.15296802
0.15908175
0.1559625
0.16157715
0.15895698
0.16444686
0.16107807
0.16631841
0.16282485
0.16781565
0.1634487
0.16744134
0.16332393
0.16644318
0.16120284
0.16369824
0.15783405
0.15920652
0.15334233
0.15384141
0.1484763
0.14872584
0.14423412
0.1447332
0.14049102
0.14061579
0.13699746
0.13737177
0.13462683
0.13450206
0.13250574
0.13238097
0.13113327
0.13088373
0.13025988
0.13013511
0.13013511
0.12988557
0.13075896
0.13038465
0.13200666
0.13138281
0.13387821
0.13288005
0.13574976
0.13462683
0.13799562
0.13687269
0.14086533
0.13936809
0.14410935
0.14311119
0.14822676
0.14410935
0.14822676
0.14435889
0.14947446
0.14947446
0.15745974
0.15671112
0.16432209
0.16207623
0.16756611
0.1634487
0.16731657
0.16257531
0.16532025
0.16007991
0.162201
0.15658635
0.15745974
0.15172032
0.15209463
0.14697906
0.14735337
0.14261211
0.14273688
0.13836993
0.1384947
0.13512591
0.13500114
0.13312959
0.13275528
0.13138281
0.13150758
0.13063419
0.13038465
0.13063419
0.13013511
0.13075896
0.13038465
0.13200666
0.13125804
0.13375344
0.13288005
0.13562499
0.13487637
0.13861947
0.13762131
0.14173872
0.14036625
0.14523228
0.14398458
0.14947446
0.14672952
0.15109647
0.14885061
0.15384141
0.15109647
0.15621204
0.15409095
0.1597056
0.1572102
0.16319916
0.15983037
0.16519548
0.16170192
0.1671918
0.16307439
0.16794042
0.16357347
0.16706703
0.16195146
0.16444686
0.15958083
0.16120284
0.15571296
0.15671112
0.1522194
0.15321756
0.14747814
0.14760291
0.14248734
0.14248734
0.13824516
0.13886901
0.13574976
0.13612407
0.13375344
0.13362867
0.13188189
0.13150758
0.13063419
0.13038465
0.13063419
0.13001034
0.13075896
0.13001034
0.13125804
0.13038465
0.13063419
0.13013511
0.13088373
0.13038465
0.13188189
0.1310085
0.1335039
0.13288005
0.13574976
0.13500114
0.13799562
0.13699746
0.14161395
0.14061579
0.14460843
0.14286165
0.14760291
0.1459809
0.15109647
0.14897538
0.15371664
0.15122124
0.15658635
0.15434049
0.15870744
0.15571296
0.16145238
0.15808359
0.1634487
0.16045422
0.16569456
0.16232577
0.1671918
0.1634487
0.16756611
0.16282485
0.16407255
0.15621204
0.15371664
0.14485797
0.14148918
0.13537545
0.13362867
0.1310085
0.13025988
0.13088373
0.1310085
0.13450206
0.13574976
0.1422378
0.14373504
0.15159555
0.15196986
0.16045422
0.15983037
0.16694226
0.16357347
0.16731657
0.16257531
0.16519548
0.1597056
0.16232577
0.15633681
0.15745974
0.15134601
0.1522194
0.14610567
0.1472286
0.14198826
0.14273688
0.13812039
0.13836993
0.13512591
0.13512591
0.13263051
0.13250574
0.13113327
0.13113327
0.13050942
0.13001034
0.13025988
0.1297608
0.13063419
0.13013511
0.13175712
0.1310085
0.13362867
0.13250574
0.13537545
0.1347516
0.13861947
0.13762131
0.14211303
0.14123964
0.14585613
0.14410935
0.14947446
0.14772768
0.15184509
0.14934969
0.15708543
0.15758451
0.16519548
0.16319916
0.16744134
0.15995514
0.15858267
0.14822676
0.14460843
0.13712223
0.13487637
0.13138281
0.13050942
0.1310085
0.13138281
0.13562499
0.13749654
0.14510751
0.14660475
0.15521388
0.15558819
0.16394778
0.162201
0.16794042
0.16257531
0.16232577
0.15246894
0.14860107
0.13924332
0.13662315
0.1322562
0.1310085
0.13050942
0.13025988
0.1335039
0.13500114
0.14186349
0.14398458
0.15271848
0.15359187
0.16170192
0.16082853
0.1671918
0.16257531
0.16369824
0.15459003
0.1509717
0.14123964
0.13799562
0.13250574
0.13113327
0.13013511
0.1297608
0.13213143
0.1335039
0.13986717
0.14198826
0.15009831
0.15147078
0.15945606
0.15945606
0.16631841
0.16319916
0.16519548
0.15658635
0.15409095
0.14373504
0.14024148
0.13387821
0.13213143
0.13013511
0.12963603
0.13150758
0.13213143
0.13774608
0.1397424
0.14797722
0.149724
0.15808359
0.15833313
0.16581933
0.16307439
0.16631841
0.15883221
0.15658635
0.14685429
0.14298642
0.13550022
0.13325436
0.13075896
0.12963603
0.13075896
0.13113327
0.1359993
0.13762131
0.14560659
0.14747814
0.15633681
0.15646158
0.16457163
0.16232577
0.1671918
0.16107807
0.15995514
0.15034785
0.14635521
0.13787085
0.13537545
0.13125804
0.13025988
0.13038465
0.13050942
0.13450206
0.13624884
0.14336073
0.12190029
0.00723666
0.0
0.0
-0.00012477
-0.00012477
-0.00024954
-0.00012477
-0.00024954
-0.00012477
-0.00024954
-0.00024954
-0.00024954
-0.00024954
-0.00024954
-0.00024954
-0.00024954
-0.00024954
-0.00024954
-0.00024954
-0.00024954
-0.00024954
-0.00024954
-0.00024954
-0.00024954
-0.00037431
-0.00024954
-0.00024954
-0.00024954
-0.00037431
-0.00024954
-0.00024954
-0.00024954
-0.00024954
-0.00012477
-0.00024954
-0.00024954
-0.00024954
-0.00024954
-0.00024954
-0.00024954
-0.00024954
-0.00024954
-0.00024954
-0.00024954
-0.00024954
-0.00037431
-0.00024954
-0.00024954
-0.00024954
-0.00024954
-0.00024954
-0.00024954
-0.00024954
-0.00024954
-0.00024954
-0.00024954
-0.00024954
-0.00024954
-0.00024954
-0.00024954
-0.00024954
-0.00024954
-0.00024954
-0.00012477
-0.00024954
-0.00012477
-0.00024954
-0.00024954
-0.00024954
-0.00024954
-0.00024954
-0.00012477
-0.00024954
-0.00024954
-0.00037431
-0.00024954
-0.00024954
-0.00024954
-0.00024954
-0.00037431
-0.00024954
-0.00024954
-0.00024954
-0.00024954
-0.00012477
-0.00024954
-0.00012477
-0.00024954
-0.00024954
-0.00024954
-0.00024954
-0.00024954
-0.00024954
-0.00024954
-0.00024954
-0.00024954
-0.00024954
-0.00024954
-0.00024954
-0.00024954
-0.00024954
-0.00024954
-0.00024954
-0.00012477
-0.00024954
-0.00024954
-0.00024954
-0.00024954
-0.00024954
-0.00012477
-0.00024954
-0.00024954
-0.00024954
-0.00024954
-0.00024954
-0.00024954
-0.00024954
-0.00024954
-0.00024954
-0.00024954
-0.00012477
-0.00037431
-0.00024954
-0.00024954
-0.00012477
-0.00024954
-0.00024954
-0.00024954
-0.00012477
-0.00024954
-0.00024954
-0.00024954
-0.00024954
-0.00024954
-0.00024954
-0.00024954
-0.00024954
-0.00024954
-0.00024954
-0.00024954
-0.00024954
-0.00024954
-0.00024954
-0.00024954
-0.00024954
-0.00024954
-0.00024954
-0.00012477
-0.00024954
-0.00024954
-0.00024954
-0.00024954
-0.00024954
-0.00024954
-0.00024954
-0.00024954
-0.00024954
-0.00024954
-0.00024954
-0.00024954
-0.00012477
-0.00024954
-0.00012477
-0.00024954
-0.00024954
-0.00024954
-0.00012477
-0.00024954
-0.00012477
-0.00024954
-0.00024954
-0.00024954
-0.00024954
-0.00024954
-0.00024954
-0.00024954
-0.00024954
-0.00024954
-0.00024954
-0.00024954
-0.00024954
-0.00024954
-0.00024954
-0.00012477
-0.00024954
-0.00024954
-0.00024954
-0.00024954
-0.00024954
-0.00012477
-0.00024954
-0.00024954
-0.00024954
-0.00024954
-0.00024954
-0.00024954
-0.00024954
-0.00024954
-0.00024954
-0.00024954
-0.00012477
-0.00024954
-0.00012477
-0.00024954
-0.00024954
-0.00024954
-0.00024954
-0.00024954
-0.00012477
-0.00024954
-0.00024954
-0.00024954
-0.00024954
-0.00024954
-0.00024954
-0.00024954
-0.00024954
-0.00012477
-0.00024954
-0.00012477
-0.00024954
-0.00024954
-0.00024954
-0.00012477
-0.00024954
-0.00024954
-0.00037431
-0.00024954
-0.00024954
-0.00024954
-0.00024954
-0.00024954
-0.00024954
-0.00024954
-0.00024954
-0.00024954
-0.00024954
-0.00024954
-0.00012477
-0.00024954
-0.00024954
-0.00024954
-0.00024954
-0.00024954
-0.00024954
-0.00024954
-0.00024954
-0.00024954
-0.00012477
-0.00024954
-0.00024954
-0.00024954
-0.00024954
-0.00024954
-0.00024954
-0.00024954
-0.00024954
-0.00024954
-0.00024954
-0.00024954
-0.00024954
-0.00012477
-0.00024954
-0.00024954
-0.00024954
-0.00024954
-0.00024954
-0.00012477
-0.00024954
-0.00012477
-0.00024954
-0.00024954
-0.00024954
-0.00024954
-0.00024954
-0.00024954
-0.00024954
-0.00024954
-0.00024954
-0.00024954
-0.00024954
-0.00024954
-0.00024954
-0.00024954
-0.00024954
-0.00024954
-0.00024954
-0.00024954
-0.00012477
-0.00024954
-0.00024954
-0.00024954
-0.00024954
-0.00024954
-0.00024954
-0.00024954
-0.00024954
-0.00024954
-0.00024954
-0.00012477
-0.00024954
-0.00024954