2689.11953592 0.29982231 1449.141165
2689.12906599 0.30082047 1453.965605
2689.13836598 0.29982231 1449.141165
2689.14766002 0.30094524 1454.56866
2689.156955 0.29957277 1447.935055
2689.16624498 0.30107001 1455.171715
2689.17554998 0.30007185 1450.347275
2689.18488908 0.30057093 1452.759495
2689.19418311 0.29907369 1445.522835
2689.2034781 0.2982003 1441.30145
2689.21277094 0.29782599 1439.492285
2689.22205901 0.29757645 1438.286175
2689.23134804 0.29894892 1444.91978
2689.24064207 0.29869938 1443.71367
2689.24993706 0.30057093 1452.759495
2689.25924706 0.29969754 1448.53811
2689.26854491 0.30131955 1456.377825
2689.277843 0.29969754 1448.53811
2689.28713202 0.30119478 1455.77477
2689.2964499 0.29982231 1449.141165
2689.30574489 0.30094524 1454.56866
2689.3150351 0.29969754 1448.53811
2689.32432604 0.299448 1447.332
2689.33361506 0.2982003 1441.30145
2689.342906 0.29720214 1436.47701
2689.35219502 0.29732691 1437.080065
2689.36149001 0.29732691 1437.080065
2689.37078404 0.29919846 1446.12589
2689.38008094 0.29882415 1444.316725
2689.38937211 0.30082047 1453.965605
2689.39866304 0.29982231 1449.141165
2689.40795398 0.30131955 1456.377825
2689.41724992 0.299448 1447.332
2689.4265449 0.30057093 1452.759495
2689.43587589 0.29957277 1447.935055
2689.44516897 0.30032139 1451.553385
2689.45446396 0.29907369 1445.522835
2689.46375394 0.2982003 1441.30145
2689.47305107 0.29757645 1438.286175
2689.48234391 0.29720214 1436.47701
2689.49163699 0.29807553 1440.698395
2689.50092793 0.29757645 1438.286175
2689.5102191 0.29957277 1447.935055
2689.51953101 0.299448 1447.332
2689.52882791 0.3006957 1453.36255
2689.53811407 0.299448 1447.332
2689.54740191 0.30044616 1452.15644
2689.55669808 0.29919846 1446.12589
2689.56599092 0.30057093 1452.759495
2689.5752871 0.29932323 1446.728945
2689.5845809 0.29994708 1449.74422
2689.59387112 0.29857461 1443.110615
2689.60316205 0.29795076 1440.09534
2689.61245894 0.29770122 1438.88923
2689.62175107 0.29745168 1437.68312
2689.63104391 0.29882415 1444.316725
2689.6403389 0.29907369 1445.522835
2689.64963198 0.30169386 1458.18699
2689.65892291 0.30156909 1457.583935
2689.66821289 0.3031911 1465.42365
2689.67751503 0.3019434 1459.3931
2689.68681097 0.30331587 1466.026705
2689.6961031 0.30219294 1460.59921
2689.70537901 0.30356541 1467.232815
2689.71467304 0.30256725 1462.408375
2689.72396398 0.30256725 1462.408375
2689.733253 0.30119478 1455.77477
2689.74254489 0.30032139 1451.553385
2689.75183797 0.30131955 1456.377825
2689.76112604 0.30144432 1456.98088
2689.77042699 0.3031911 1465.42365
2689.77974606 0.30269202 1463.01143
2689.78903794 0.30456357 1472.057255
2689.79832792 0.30356541 1467.232815
2689.80762196 0.30518742 1475.07253
2689.8169179 0.30406449 1469.645035
2689.82621503 0.30481311 1473.263365
2689.83550501 0.30356541 1467.232815
2689.84480095 0.30356541 1467.232815
2689.85409188 0.30256725 1462.408375
2689.86419392 0.30169386 1458.18699
2689.8735261 0.3006957 1453.36255
2689.882833 0.29919846 1446.12589
2689.89212704 0.29882415 1444.316725
2689.90141892 0.29857461 1443.110615
2689.91070795 0.29969754 1448.53811
2689.92000198 0.29932323 1446.728945
2689.92929697 0.30082047 1453.965605
2689.93859291 0.30007185 1450.347275
2689.94788408 0.30169386 1458.18699
2689.95717907 0.30044616 1452.15644
2689.96647406 0.30144432 1456.98088
2689.975775 0.30019662 1450.95033
2689.985075 0.30107001 1455.171715
2689.99436903 0.29982231 1449.141165
2690.00366092 0.299448 1447.332
2690.01295304 0.2982003 1441.30145
2690.02224207 0.29745168 1437.68312
2690.0315311 0.29795076 1440.09534
2690.04082108 0.29807553 1440.698395
2690.05011296 0.299448 1447.332
2690.05940509 0.29882415 1444.316725
2690.06869292 0.30044616 1452.15644
2690.07799292 0.29994708 1449.74422
2690.08729005 0.30119478 1455.77477
2690.09657907 0.29994708 1449.74422
2690.10588098 0.30094524 1454.56866
2690.11517191 0.29969754 1448.53811
2690.12446809 0.30019662 1450.95033
2690.13375807 0.29882415 1444.316725
2690.14304805 0.29807553 1440.698395
2690.15233803 0.29745168 1437.68312
2690.16163111 0.29732691 1437.080065
2690.17092991 0.29857461 1443.110615
2690.18055391 0.29807553 1440.698395
2690.18992209 0.29932323 1446.728945
2690.199229 0.29869938 1443.71367
2690.20852995 0.30057093 1452.759495
2690.2178309 0.29919846 1446.12589
2690.22712398 0.3006957 1453.36255
2690.23641896 0.29919846 1446.12589
2690.2457521 0.30032139 1451.553385
2690.25504088 0.29907369 1445.522835
2690.2643311 0.299448 1447.332
2690.2736311 0.29795076 1440.09534
2690.28296399 0.29757645 1438.286175
2690.29227996 0.29707737 1435.873955
2690.3015759 0.29657829 1433.461735
2690.31087589 0.29770122 1438.88923
2690.32017398 0.29745168 1437.68312
2690.32947111 0.29932323 1446.728945
2690.3387661 0.29869938 1443.71367
2690.34805703 0.30044616 1452.15644
2690.35735297 0.29932323 1446.728945
2690.3666501 0.30044616 1452.15644
2690.3759501 0.29969754 1448.53811
2690.38523412 0.30044616 1452.15644
2690.3945291 0.29957277 1447.935055
2690.4038229 0.29969754 1448.53811
2690.41311693 0.29832507 1441.904505
2690.42240691 0.29732691 1437.080065
2690.43169689 0.29720214 1436.47701
2690.44099808 0.2969526 1435.2709
2690.45029497 0.29857461 1443.110615
2690.45958495 0.29844984 1442.50756
2690.46887493 0.30032139 1451.553385
2690.47817492 0.29932323 1446.728945
2690.48747396 0.30094524 1454.56866
2690.49676609 0.29957277 1447.935055
2690.50606203 0.3006957 1453.36255
2690.51535106 0.29932323 1446.728945
2690.52464604 0.30019662 1450.95033
2690.53393507 0.29919846 1446.12589
2690.54322004 0.29869938 1443.71367
2690.55250502 0.29770122 1438.88923
2690.56180096 0.2969526 1435.2709
2690.57109308 0.29732691 1437.080065
2690.58039308 0.29732691 1437.080065
2690.58968401 0.29894892 1444.91978
2690.59897399 0.29869938 1443.71367
2690.60826802 0.30019662 1450.95033
2690.61756802 0.29919846 1446.12589
2690.62686396 0.30057093 1452.759495
2690.6361599 0.29919846 1446.12589
2690.64547706 0.30019662 1450.95033
2690.65477204 0.299448 1447.332
2690.66406202 0.30019662 1450.95033
2690.67335701 0.29919846 1446.12589
2690.682652 0.29869938 1443.71367
2690.69194698 0.29770122 1438.88923
2690.70123696 0.29707737 1435.873955
2690.71052909 0.29795076 1440.09534
2690.71982694 0.29782599 1439.492285
2690.72912407 0.29982231 1449.141165
2690.73841405 0.29894892 1444.91978
2690.74770689 0.3006957 1453.36255
2690.75699711 0.29957277 1447.935055
2690.76633096 0.30094524 1454.56866
2690.77563095 0.29982231 1449.141165
2690.78499007 0.30082047 1453.965605
2690.79428101 0.29969754 1448.53811
2690.80357289 0.29982231 1449.141165
2690.81286693 0.29832507 1441.904505
2690.82215691 0.29770122 1438.88923
2690.83144689 0.29745168 1437.68312
2690.84074497 0.29707737 1435.873955
2690.8500421 0.29832507 1441.904505
2690.85933495 0.29807553 1440.698395
2690.86862302 0.29994708 1449.74422
2690.87792993 0.29919846 1446.12589
2690.88723397 0.30107001 1455.171715
2690.89652896 0.299448 1447.332
2690.90582609 0.30057093 1452.759495
2690.91511607 0.29982231 1449.141165
2690.92445111 0.3006957 1453.36255
2690.93374205 0.30007185 1450.347275
2690.94304109 0.299448 1447.332
2690.95233488 0.2982003 1441.30145
2690.96162796 0.29770122 1438.88923
2690.97092509 0.2982003 1441.30145
2690.98022509 0.29807553 1440.698395
2690.98952389 0.299448 1447.332
2690.99881697 0.29882415 1444.316725
2691.0081079 0.30044616 1452.15644
2691.01740599 0.30019662 1450.95033
2691.02670193 0.30181863 1458.790045
2691.03599906 0.3006957 1453.36255
2691.04529691 0.30156909 1457.583935
2691.05460596 0.30044616 1452.15644
2691.06389904 0.30082047 1453.965605
2691.07319593 0.29994708 1449.74422
2691.08249307 0.29919846 1446.12589
2691.09178901 0.2982003 1441.30145
2691.10107899 0.29757645 1438.286175
2691.11040711 0.29807553 1440.698395
2691.11971211 0.2982003 1441.30145
2691.12900996 0.29982231 1449.141165
2691.13830304 0.29957277 1447.935055
2691.14759302 0.30107001 1455.171715
2691.15688992 0.30007185 1450.347275
2691.16618395 0.30156909 1457.583935
2691.17547894 0.30044616 1452.15644
2691.18477702 0.30156909 1457.583935
2691.19407296 0.30044616 1452.15644
2691.2033639 0.30082047 1453.965605
2691.21265507 0.29907369 1445.522835
2691.221946 0.2982003 1441.30145
2691.23123598 0.29757645 1438.286175
2691.24084997 0.29745168 1437.68312
2691.25021601 0.29832507 1441.904505
2691.25952291 0.29807553 1440.698395
2691.268821 0.29982231 1449.141165
2691.27812791 0.29894892 1444.91978
2691.28743505 0.30044616 1452.15644
2691.2967329 0.29919846 1446.12589
2691.30605507 0.30107001 1455.171715
2691.3153491 0.29982231 1449.141165
2691.324646 0.30131955 1456.377825
2691.33393693 0.30019662 1450.95033
2691.34322691 0.30044616 1452.15644
2691.35251403 0.29907369 1445.522835
2691.36181402 0.2982003 1441.30145
2691.37111402 0.29757645 1438.286175
2691.38041401 0.29720214 1436.47701
2691.38971496 0.29857461 1443.110615
2691.39900899 0.2982003 1441.30145
2691.40829992 0.30019662 1450.95033
2691.41759706 0.29919846 1446.12589
2691.4268899 0.3006957 1453.36255
2691.43617201 0.29957277 1447.935055
2691.44546199 0.3006957 1453.36255
2691.45475698 0.30007185 1450.347275
2691.464046 0.30032139 1451.553385
2691.47333789 0.2982003 1441.30145
2691.48264503 0.29745168 1437.68312
2691.49194503 0.29595444 1430.44646
2691.50123811 0.29508105 1426.225075
2691.51053095 0.29533059 1427.431185
2691.51982594 0.29533059 1427.431185
2691.52911401 0.29757645 1438.286175
2691.53843093 0.29795076 1440.09534
2691.54774594 0.30007185 1450.347275
2691.55704904 0.29994708 1449.74422
2691.56640792 0.3019434 1459.3931
2691.57575393 0.30094524 1454.56866
2691.58505201 0.30244248 1461.80532
2691.59434605 0.30156909 1457.583935
2691.60363889 0.30244248 1461.80532
2691.61293411 0.30131955 1456.377825
2691.62222695 0.30057093 1452.759495
2691.63151789 0.29932323 1446.728945
2691.64081693 0.29844984 1442.50756
2691.65011406 0.29894892 1444.91978
2691.65940404 0.29857461 1443.110615
2691.66869497 0.29994708 1449.74422
2691.67799211 0.29932323 1446.728945
2691.687289 0.30119478 1455.77477
2691.69657803 0.30032139 1451.553385
2691.70586991 0.3019434 1459.3931
2691.7151649 0.30019662 1450.95033
2691.72446203 0.30107001 1455.171715
2691.73375106 0.29994708 1449.74422
2691.74304008 0.3006957 1453.36255
2691.75233006 0.299448 1447.332
2691.76162004 0.29869938 1443.71367
2691.77091599 0.29770122 1438.88923
2691.78022003 0.29682783 1434.667845
2691.78951597 0.29770122 1438.88923
2691.79881501 0.29745168 1437.68312
2691.8081131 0.29957277 1447.935055
2691.81742692 0.29869938 1443.71367
2691.82680607 0.30107001 1455.171715
2691.836133 0.29969754 1448.53811
2691.84542608 0.30094524 1454.56866
2691.85472107 0.29932323 1446.728945
2691.864012 0.29982231 1449.141165
2691.87330294 0.2982003 1441.30145
2691.88260603 0.29919846 1446.12589
2691.89190793 0.29844984 1442.50756
2691.90120101 0.29782599 1439.492285
2691.9104929 0.29757645 1438.286175
2691.91979003 0.29707737 1435.873955
2691.92908311 0.29844984 1442.50756
2691.9383719 0.29795076 1440.09534
2691.94766092 0.30007185 1450.347275
2691.9569571 0.29907369 1445.522835
2691.96624589 0.30057093 1452.759495
2691.97554302 0.29907369 1445.522835
2691.98487806 0.30094524 1454.56866
2691.99416995 0.29994708 1449.74422
2692.00346708 0.30082047 1453.965605
2692.01275992 0.29982231 1449.141165
2692.0220499 0.29957277 1447.935055
2692.03134203 0.29832507 1441.904505
2692.04066205 0.29732691 1437.080065
2692.04996109 0.29757645 1438.286175
2692.05925488 0.29732691 1437.080065
2692.06854296 0.29869938 1443.71367
2692.0778439 0.29795076 1440.09534
2692.08715606 0.29982231 1449.141165
2692.09645295 0.29907369 1445.522835
2692.10574794 0.30019662 1450.95033
2692.11504602 0.29907369 1445.522835
2692.12434196 0.30007185 1450.347275
2692.13363504 0.29932323 1446.728945
2692.14292693 0.30007185 1450.347275
2692.15221691 0.29932323 1446.728945
2692.1615119 0.29832507 1441.904505
2692.17080808 0.29757645 1438.286175
2692.18010998 0.29720214 1436.47701
2692.18940711 0.29807553 1440.698395
2692.19870305 0.29807553 1440.698395
2692.20799708 0.29969754 1448.53811
2692.21729493 0.299448 1447.332
2692.22659206 0.3006957 1453.36255
2692.23588896 0.29969754 1448.53811
2692.24517798 0.30094524 1454.56866
2692.25447607 0.29969754 1448.53811
2692.2637651 0.30057093 1452.759495
2692.27305603 0.29907369 1445.522835
2692.28235793 0.29932323 1446.728945
2692.29165292 0.29782599 1439.492285
2692.30107689 0.29720214 1436.47701
2692.31043196 0.2969526 1435.2709
2692.319731 0.29657829 1433.461735
2692.32903409 0.29757645 1438.286175
2692.33832598 0.29782599 1439.492285
2692.34764409 0.29982231 1449.141165
2692.35694194 0.29894892 1444.91978
2692.36624002 0.30032139 1451.553385
2692.3755281 0.29919846 1446.12589
2692.38482809 0.30057093 1452.759495
2692.39412689 0.299448 1447.332
2692.40342689 0.3006957 1453.36255
2692.41272211 0.29957277 1447.935055
2692.42201304 0.29969754 1448.53811
2692.43130493 0.2982003 1441.30145
2692.44060206 0.29720214 1436.47701
2692.449898 0.2969526 1435.2709
2692.45926189 0.29682783 1434.667845
2692.46861601 0.29844984 1442.50756
2692.47792912 0.2982003 1441.30145
2692.48722792 0.30032139 1451.553385
2692.496521 0.29969754 1448.53811
2692.50583911 0.30119478 1455.77477
2692.5151341 0.29982231 1449.141165
2692.52446389 0.3006957 1453.36255
2692.53375697 0.29982231 1449.141165
2692.54304194 0.3006957 1453.36255
2692.55232811 0.29957277 1447.935055
2692.56162095 0.29932323 1446.728945
2692.57091808 0.29857461 1443.110615
2692.58021808 0.29770122 1438.88923
2692.58951592 0.29795076 1440.09534
2692.59881306 0.29757645 1438.286175
2692.60814595 0.29919846 1446.12589
2692.61744499 0.29894892 1444.91978
2692.62674189 0.30057093 1452.759495
2692.63603902 0.29957277 1447.935055
2692.64532804 0.30082047 1453.965605
2692.65462303 0.29957277 1447.935055
2692.66391206 0.30082047 1453.965605
2692.67320299 0.29957277 1447.935055
2692.68249893 0.30007185 1450.347275
2692.69179702 0.29894892 1444.91978
2692.70108795 0.29832507 1441.904505
2692.71038508 0.29770122 1438.88923
2692.71968007 0.2969526 1435.2709
2692.72897696 0.29795076 1440.09534
2692.73826694 0.29770122 1438.88923
2692.74755907 0.29907369 1445.522835
2692.7568469 0.29882415 1444.316725
2692.76613998 0.30082047 1453.965605
2692.77543211 0.29957277 1447.935055
2692.7847321 0.30082047 1453.965605
2692.7940259 0.29919846 1446.12589
2692.80332088 0.30032139 1451.553385
2692.81262112 0.29932323 1446.728945
2692.82191396 0.29994708 1449.74422
2692.83120799 0.29882415 1444.316725
2692.84050488 0.29795076 1440.09534
2692.84980202 0.29770122 1438.88923
2692.85909605 0.29757645 1438.286175
2692.8684051 0.29844984 1442.50756
2692.877707 0.29807553 1440.698395
2692.8870101 0.29982231 1449.141165
2692.89637494 0.29932323 1446.728945
2692.90570593 0.30144432 1456.98088
2692.91500092 0.30007185 1450.347275
2692.92429304 0.30119478 1455.77477
2692.93358493 0.29957277 1447.935055
2692.9428761 0.30032139 1451.553385
2692.95216703 0.29957277 1447.935055
2692.96146393 0.29969754 1448.53811
2692.97077894 0.29857461 1443.110615
2692.98008108 0.29795076 1440.09534
2692.98937893 0.2982003 1441.30145
2692.99867606 0.29770122 1438.88923
2693.00797009 0.29894892 1444.91978
2693.01726198 0.29832507 1441.904505
2693.02655792 0.29994708 1449.74422
2693.03585291 0.29907369 1445.522835
2693.04514599 0.30057093 1452.759495
2693.05457711 0.299448 1447.332
2693.06385899 0.30082047 1453.965605
2693.07314897 0.29994708 1449.74422
2693.08244991 0.30057093 1452.759495
2693.091748 0.29982231 1449.141165
2693.10104394 0.29894892 1444.91978
2693.11034608 0.29807553 1440.698395
2693.11964393 0.29720214 1436.47701
2693.12896204 0.29782599 1439.492285
2693.13825607 0.29732691 1437.080065
2693.1475451 0.29894892 1444.91978
2693.15684104 0.29894892 1444.91978
2693.16613412 0.30094524 1454.56866
2693.1754241 0.30007185 1450.347275
2693.18472695 0.30156909 1457.583935
2693.19402409 0.30044616 1452.15644
2693.20331907 0.30169386 1458.18699
2693.21261406 0.3006957 1453.36255
2693.22190189 0.30094524 1454.56866
2693.23120189 0.29957277 1447.935055
2693.24049997 0.29857461 1443.110615
2693.24979091 0.29782599 1439.492285
2693.25908709 0.29720214 1436.47701
2693.26837707 0.29857461 1443.110615
2693.27767301 0.29844984 1442.50756
2693.28697109 0.29994708 1449.74422
2693.29633904 0.29932323 1446.728945
2693.30563402 0.30082047 1453.965605
2693.31496596 0.29982231 1449.141165
2693.3242569 0.30107001 1455.171715
2693.33354592 0.29994708 1449.74422
2693.34283495 0.30094524 1454.56866
2693.352247 0.29994708 1449.74422
2693.3615849 0.30019662 1450.95033
2693.3708849 0.29894892 1444.91978
2693.380193 0.29807553 1440.698395
2693.38952303 0.29745168 1437.68312
2693.39882207 0.2969526 1435.2709
2693.40811706 0.29807553 1440.698395
2693.41741204 0.29807553 1440.698395
2693.42670989 0.29969754 1448.53811
2693.4360311 0.29894892 1444.91978
2693.44532204 0.30019662 1450.95033
2693.455477 0.29919846 1446.12589
2693.46479011 0.30082047 1453.965605
2693.47408795 0.29957277 1447.935055
2693.4833889 0.30094524 1454.56866
2693.49268794 0.29982231 1449.141165
2693.50198102 0.30057093 1452.759495
2693.5112741 0.29919846 1446.12589
2693.52056599 0.29869938 1443.71367
2693.52986193 0.29757645 1438.286175
2693.5391531 0.29720214 1436.47701
2693.54843307 0.29782599 1439.492285
2693.5577209 0.29757645 1438.286175
2693.56701994 0.29932323 1446.728945
2693.57635403 0.29857461 1443.110615
2693.58569503 0.30044616 1452.15644
2693.59498596 0.29932323 1446.728945
2693.60429192 0.30094524 1454.56866
2693.61359692 0.299448 1447.332
2693.6228931 0.30044616 1452.15644
2693.63218403 0.29919846 1446.12589
2693.64147806 0.29969754 1448.53811
2693.650774 0.29832507 1441.904505
2693.66006708 0.29732691 1437.080065
2693.66935802 0.29657829 1433.461735
2693.67865109 0.29595444 1430.44646
2693.68795109 0.29732691 1437.080065
2693.69724894 0.2969526 1435.2709
2693.70654202 0.29894892 1444.91978
2693.71583796 0.29844984 1442.50756
2693.72517705 0.30019662 1450.95033
2693.73448396 0.29894892 1444.91978
2693.74377394 0.30007185 1450.347275
2693.75307012 0.29882415 1444.316725
2693.76236391 0.29982231 1449.141165
2693.77165794 0.29919846 1446.12589
2693.78096199 0.29932323 1446.728945
2693.79029298 0.2982003 1441.30145
2693.79962301 0.29745168 1437.68312
2693.80893207 0.29707737 1435.873955
2693.81822896 0.29645352 1432.85868
2693.8275249 0.2982003 1441.30145
2693.83682299 0.29844984 1442.50756
2693.84612012 0.30044616 1452.15644
2693.85540795 0.29957277 1447.935055
2693.86470509 0.3006957 1453.36255
2693.87399411 0.29894892 1444.91978
2693.88329291 0.30057093 1452.759495
2693.8925879 0.29957277 1447.935055
2693.90188408 0.3006957 1453.36255
2693.91117811 0.29957277 1447.935055
2693.92047 0.29919846 1446.12589
2693.92976809 0.29807553 1440.698395
2693.93905997 0.29720214 1436.47701
2693.94834995 0.29732691 1437.080065
2693.95764494 0.29720214 1436.47701
2693.96693993 0.29882415 1444.316725
2693.97623396 0.29857461 1443.110615
2693.9855299 0.30032139 1451.553385
2693.99482608 0.299448 1447.332
2694.00412297 0.30082047 1453.965605
2694.01341701 0.29932323 1446.728945
2694.02270699 0.3006957 1453.36255
2694.03199697 0.299448 1447.332
2694.04128695 0.30019662 1450.95033
2694.05057907 0.29882415 1444.316725
2694.05987 0.2982003 1441.30145
2694.06915808 0.29745168 1437.68312
2694.07844996 0.29670306 1434.06479
2694.08774805 0.29770122 1438.88923
2694.0970459 0.29707737 1435.873955
2694.10637999 0.29894892 1444.91978
2694.11571097 0.29844984 1442.50756
2694.12500811 0.30044616 1452.15644
2694.13430095 0.299448 1447.332
2694.14359188 0.30082047 1453.965605
2694.1528821 0.299448 1447.332
2694.16217709 0.30044616 1452.15644
2694.17146993 0.29957277 1447.935055
2694.1807611 0.30007185 1450.347275
2694.19006395 0.29907369 1445.522835
2694.19936991 0.29807553 1440.698395
2694.20866394 0.29782599 1439.492285
2694.21795607 0.29732691 1437.080065
2694.22725105 0.29844984 1442.50756
2694.23654795 0.29782599 1439.492285
2694.24584293 0.29969754 1448.53811
2694.25513291 0.29894892 1444.91978
2694.26446605 0.30107001 1455.171715
2694.27375698 0.30007185 1450.347275
2694.28305602 0.30107001 1455.171715
2694.29236007 0.29982231 1449.141165
2694.3016541 0.30032139 1451.553385
2694.31095099 0.299448 1447.332
2694.32024193 0.29919846 1446.12589
2694.32954001 0.29844984 1442.50756
2694.33883691 0.29782599 1439.492285
2694.34812689 0.2982003 1441.30145
2694.35742092 0.29795076 1440.09534
2694.36671591 0.299448 1447.332
2694.37601209 0.29894892 1444.91978
2694.38530993 0.30019662 1450.95033
2694.39460707 0.29957277 1447.935055
2694.40390706 0.30094